> 584
17 -35
17 -34
17 -33
17 -32
17 -31
17 -30
16 -30
16 -29
17 -29
18 -29
19 -29
20 -29
20 -28
20 -27
20 -26
20 -25
21 -25
21 -26
21 -27
22 -27
22 -26
23 -26
23 -25
24 -25
24 -26
25 -26
26 -26
26 -25
26 -24
27 -24
27 -23
28 -23
29 -23
29 -22
30 -22
31 -22
31 -23
32 -23
32 -24
32 -25
32 -26
31 -26
31 -27
32 -27
33 -27
33 -28
33 -29
32 -29
32 -30
32 -31
31 -31
31 -32
30 -32
30 -33
29 -33
29 -34
28 -34
27 -34
27 -35
26 -35
25 -35
24 -35
23 -35
22 -35
21 -35
20 -35
19 -35
18 -35
17 -35
> -Ph 584
29 -30
29 -29
28 -29
27 -29
27 -30
28 -30
29 -30
