> 409
-55 -55
-55 -54
-55 -53
-55 -52
-55 -51
-55 -50
-55 -49
-56 -49
-57 -49
-58 -49
-59 -49
-60 -49
-61 -49
-62 -49
-63 -49
-64 -49
-65 -49
-65 -50
-65 -51
-65 -52
-66 -52
-67 -52
-68 -52
-68 -51
-67 -51
-67 -50
-67 -49
-66 -49
-66 -48
-66 -47
-66 -46
-66 -45
-65 -45
-64 -45
-64 -44
-64 -43
-63 -43
-63 -42
-62 -42
-62 -41
-62 -40
-61 -40
-60 -40
-60 -39
-59 -39
-58 -39
-57 -39
-56 -39
-56 -38
-56 -37
-56 -36
-56 -35
-55 -35
-54 -35
-53 -35
-53 -34
-52 -34
-52 -33
-51 -33
-51 -32
-50 -32
-50 -31
-49 -31
-49 -30
-49 -29
-48 -29
-48 -28
-48 -27
-48 -26
-47 -26
-47 -25
-46 -25
-45 -25
-44 -25
-44 -24
-43 -24
-42 -24
-41 -24
-41 -23
-40 -23
-40 -22
-40 -21
-39 -21
-39 -20
-39 -19
-39 -18
-38 -18
-38 -17
-38 -16
-38 -15
-38 -14
-38 -13
-37 -13
-37 -12
-36 -12
-36 -11
-35 -11
-35 -10
-34 -10
-34 -9
-34 -8
-34 -7
-34 -6
-34 -5
-35 -5
-35 -4
-36 -4
-37 -4
-37 -3
-38 -3
-38 -2
-39 -2
-40 -2
-41 -2
-42 -2
-43 -2
-43 -1
-44 -1
-45 -1
-45 0
-44 0
-43 0
-42 0
-41 0
-40 0
-39 0
-38 0
-37 0
-36 0
-35 0
-34 0
-33 0
-32 0
-31 0
-31 -1
-30 -1
-29 -1
-28 -1
-27 -1
-27 -2
-26 -2
-25 -2
-24 -2
-23 -2
-22 -2
-21 -2
-20 -2
-20 -3
-19 -3
-18 -3
-18 -4
-18 -5
-18 -6
-18 -7
-18 -8
-18 -9
-18 -10
-18 -11
-18 -12
-18 -13
-18 -14
-18 -15
-18 -16
-18 -17
-18 -18
-18 -19
-18 -20
-18 -21
-18 -22
-18 -23
-18 -24
-18 -25
-18 -26
-18 -27
-18 -28
-18 -29
-18 -30
-18 -31
-18 -32
-19 -32
-20 -32
-21 -32
-22 -32
-23 -32
-24 -32
-25 -32
-26 -32
-27 -32
-27 -33
-26 -33
-26 -34
-25 -34
-25 -35
-24 -35
-23 -35
-23 -36
-22 -36
-22 -37
-21 -37
-21 -38
-21 -39
-21 -40
-21 -41
-21 -42
-21 -43
-22 -43
-22 -44
-22 -45
-22 -46
-23 -46
-24 -46
-24 -47
-25 -47
-26 -47
-26 -48
-27 -48
-28 -48
-28 -49
-29 -49
-30 -49
-30 -50
-31 -50
-32 -50
-32 -51
-33 -51
-34 -51
-34 -52
-35 -52
-36 -52
-37 -52
-38 -52
-39 -52
-40 -52
-40 -53
-40 -54
-40 -55
-41 -55
-42 -55
-43 -55
-44 -55
-45 -55
-46 -55
-47 -55
-48 -55
-49 -55
-50 -55
-51 -55
-52 -55
-53 -55
-54 -55
-55 -55
> 409
-2 -49
-2 -48
-3 -48
-4 -48
-4 -47
-5 -47
-6 -47
-6 -46
-7 -46
-8 -46
-8 -45
-8 -44
-8 -43
-7 -43
-6 -43
-6 -42
-6 -41
-6 -40
-6 -39
-6 -38
-6 -37
-6 -36
-6 -35
-6 -34
-7 -34
-8 -34
-9 -34
-10 -34
-10 -33
-10 -32
-9 -32
-9 -31
-9 -30
-8 -30
-8 -29
-8 -28
-8 -27
-9 -27
-9 -26
-9 -25
-10 -25
-10 -24
-10 -23
-10 -22
-10 -21
-10 -20
-10 -19
-10 -18
-10 -17
-10 -16
-10 -15
-10 -14
-10 -13
-10 -12
-9 -12
-9 -11
-9 -10
-9 -9
-9 -8
-9 -7
-9 -6
-9 -5
-9 -4
-9 -3
-9 -2
-9 -1
-9 0
-8 0
-7 0
-6 0
-5 0
-4 0
-3 0
-2 0
-1 0
0 0
1 0
2 0
3 0
4 0
5 0
6 0
7 0
8 0
9 0
9 -1
9 -2
9 -3
10 -3
10 -4
11 -4
11 -5
12 -5
12 -6
12 -7
12 -8
12 -9
12 -10
13 -10
13 -11
13 -12
12 -12
12 -13
12 -14
12 -15
11 -15
11 -16
11 -17
11 -18
11 -19
12 -19
12 -20
13 -20
13 -21
13 -22
14 -22
14 -23
14 -24
14 -25
14 -26
14 -27
15 -27
15 -28
15 -29
15 -30
15 -31
15 -32
15 -33
15 -34
15 -35
15 -36
15 -37
15 -38
15 -39
15 -40
15 -41
14 -41
13 -41
12 -41
11 -41
10 -41
9 -41
9 -42
9 -43
9 -44
9 -45
9 -46
9 -47
9 -48
9 -49
8 -49
7 -49
6 -49
5 -49
4 -49
3 -49
2 -49
1 -49
0 -49
-1 -49
-2 -49
