> 694
-119 -15
-119 -14
-119 -13
-118 -13
-117 -13
-117 -12
-117 -11
-116 -11
-115 -11
-115 -10
-115 -9
-114 -9
-113 -9
-113 -8
-113 -7
-113 -6
-112 -6
-111 -6
-111 -5
-111 -4
-110 -4
-109 -4
-109 -3
-109 -2
-108 -2
-107 -2
-107 -1
-107 0
-106 0
-105 0
-104 0
-103 0
-102 0
-101 0
-100 0
-100 -1
-100 -2
-100 -3
-100 -4
-100 -5
-100 -6
-100 -7
-100 -8
-100 -9
-101 -9
-102 -9
-103 -9
-104 -9
-104 -10
-104 -11
-104 -12
-105 -12
-106 -12
-107 -12
-107 -13
-107 -14
-107 -15
-108 -15
-109 -15
-110 -15
-111 -15
-112 -15
-113 -15
-114 -15
-115 -15
-116 -15
-117 -15
-118 -15
-119 -15
