> 683
-85 -41
-85 -40
-85 -39
-86 -39
-87 -39
-88 -39
-88 -38
-88 -37
-89 -37
-90 -37
-91 -37
-91 -36
-91 -35
-92 -35
-93 -35
-94 -35
-94 -34
-94 -33
-95 -33
-96 -33
-97 -33
-97 -32
-97 -31
-98 -31
-99 -31
-100 -31
-100 -30
-101 -30
-102 -30
-102 -29
-102 -28
-102 -27
-102 -26
-102 -25
-102 -24
-102 -23
-102 -22
-103 -22
-104 -22
-105 -22
-106 -22
-107 -22
-107 -21
-107 -20
-107 -19
-107 -18
-107 -17
-107 -16
-107 -15
-106 -15
-105 -15
-104 -15
-103 -15
-102 -15
-101 -15
-100 -15
-99 -15
-98 -15
-97 -15
-96 -15
-95 -15
-94 -15
-93 -15
-92 -15
-91 -15
-90 -15
-89 -15
-88 -15
-87 -15
-86 -15
-85 -15
-84 -15
-83 -15
-82 -15
-81 -15
-80 -15
-80 -16
-79 -16
-79 -17
-78 -17
-77 -17
-77 -18
-77 -19
-77 -20
-77 -21
-77 -22
-77 -23
-77 -24
-77 -25
-77 -26
-77 -27
-77 -28
-77 -29
-77 -30
-77 -31
-78 -31
-79 -31
-80 -31
-81 -31
-82 -31
-83 -31
-84 -31
-85 -31
-85 -32
-85 -33
-85 -34
-85 -35
-84 -35
-83 -35
-82 -35
-81 -35
-80 -35
-80 -36
-80 -37
-80 -38
-80 -39
-80 -40
-81 -40
-81 -41
-82 -41
-83 -41
-84 -41
-85 -41
