> 647
40 68
40 69
39 69
38 69
37 69
37 70
36 70
35 70
34 70
33 70
32 70
31 70
31 71
30 71
29 71
29 72
28 72
27 72
26 72
25 72
24 72
23 72
23 71
22 71
21 71
20 71
20 72
20 73
20 74
20 75
21 75
22 75
23 75
24 75
25 75
25 76
25 77
26 77
27 77
28 77
29 77
30 77
31 77
32 77
33 77
34 77
35 77
35 78
35 79
36 79
37 79
38 79
39 79
40 79
41 79
42 79
43 79
44 79
45 79
46 79
47 79
48 79
49 79
50 79
51 79
52 79
53 79
54 79
55 79
56 79
57 79
58 79
59 79
60 79
61 79
62 79
63 79
64 79
65 79
66 79
67 79
68 79
69 79
70 79
70 78
69 78
68 78
67 78
66 78
65 78
65 77
64 77
63 77
62 77
61 77
60 77
59 77
58 77
58 76
57 76
56 76
55 76
54 76
54 75
53 75
52 75
52 74
52 73
51 73
50 73
50 72
50 71
50 70
49 70
48 70
48 69
47 69
46 69
45 69
44 69
43 69
43 68
42 68
41 68
40 68
