> 155
-66 -75
-66 -74
-67 -74
-68 -74
-69 -74
-70 -74
-71 -74
-71 -73
-72 -73
-73 -73
-74 -73
-75 -73
-76 -73
-76 -72
-76 -71
-76 -70
-76 -69
-76 -68
-75 -68
-74 -68
-73 -68
-72 -68
-71 -68
-70 -68
-70 -67
-70 -66
-69 -66
-68 -66
-67 -66
-67 -65
-66 -65
-65 -65
-65 -64
-64 -64
-63 -64
-62 -64
-61 -64
-60 -64
-60 -63
-59 -63
-58 -63
-57 -63
-56 -63
-55 -63
-54 -63
-54 -64
-55 -64
-56 -64
-56 -65
-57 -65
-58 -65
-59 -65
-59 -66
-59 -67
-60 -67
-60 -68
-60 -69
-60 -70
-60 -71
-60 -72
-60 -73
-60 -74
-60 -75
-61 -75
-62 -75
-63 -75
-64 -75
-65 -75
-66 -75
