> 729
-180 -90
-180 -89
-180 -88
-180 -87
-180 -86
-180 -85
-180 -84
-180 -83
-180 -82
-180 -81
-180 -80
-180 -79
-181 -79
-182 -79
-183 -79
-184 -79
-185 -79
-186 -79
-187 -79
-188 -79
-189 -79
-190 -79
-190 -78
-190 -77
-189 -77
-188 -77
-187 -77
-186 -77
-185 -77
-184 -77
-183 -77
-182 -77
-182 -78
-181 -78
-180 -78
-179 -78
-178 -78
-177 -78
-176 -78
-175 -78
-174 -78
-173 -78
-172 -78
-171 -78
-170 -78
-169 -78
-168 -78
-167 -78
-166 -78
-165 -78
-164 -78
-163 -78
-162 -78
-162 -77
-161 -77
-160 -77
-159 -77
-158 -77
-157 -77
-156 -77
-155 -77
-154 -77
-153 -77
-152 -77
-152 -76
-151 -76
-150 -76
-149 -76
-148 -76
-147 -76
-147 -75
-146 -75
-145 -75
-144 -75
-143 -75
-142 -75
-141 -75
-141 -74
-140 -74
-139 -74
-138 -74
-137 -74
-136 -74
-135 -74
-134 -74
-133 -74
-132 -74
-131 -74
-130 -74
-129 -74
-129 -73
-128 -73
-127 -73
-126 -73
-125 -73
-124 -73
-123 -73
-122 -73
-121 -73
-120 -73
-120 -74
-119 -74
-118 -74
-117 -74
-116 -74
-115 -74
-114 -74
-113 -74
-112 -74
-111 -74
-110 -74
-109 -74
-108 -74
-107 -74
-106 -74
-105 -74
-104 -74
-103 -74
-103 -73
-103 -72
-102 -72
-101 -72
-100 -72
-99 -72
-98 -72
-97 -72
-96 -72
-95 -72
-95 -73
-94 -73
-93 -73
-92 -73
-91 -73
-90 -73
-89 -73
-88 -73
-87 -73
-86 -73
-85 -73
-84 -73
-83 -73
-82 -73
-81 -73
-80 -73
-79 -73
-78 -73
-77 -73
-76 -73
-75 -73
-74 -73
-73 -73
-72 -73
-71 -73
-71 -74
-70 -74
-69 -74
-68 -74
-67 -74
-66 -74
-66 -75
-65 -75
-64 -75
-63 -75
-62 -75
-61 -75
-60 -75
-59 -75
-58 -75
-57 -75
-56 -75
-56 -76
-55 -76
-54 -76
-53 -76
-52 -76
-51 -76
-50 -76
-50 -77
-49 -77
-48 -77
-47 -77
-46 -77
-45 -77
-44 -77
-43 -77
-42 -77
-41 -77
-40 -77
-39 -77
-38 -77
-37 -77
-36 -77
-35 -77
-34 -77
-33 -77
-32 -77
-32 -76
-31 -76
-30 -76
-29 -76
-28 -76
-27 -76
-27 -75
-26 -75
-25 -75
-24 -75
-24 -74
-23 -74
-22 -74
-21 -74
-21 -73
-20 -73
-19 -73
-19 -72
-18 -72
-17 -72
-16 -72
-15 -72
-14 -72
-14 -71
-13 -71
-12 -71
-11 -71
-11 -70
-11 -69
-10 -69
-9 -69
-8 -69
-7 -69
-6 -69
-5 -69
-4 -69
-3 -69
-2 -69
-1 -69
0 -69
1 -69
2 -69
3 -69
4 -69
5 -69
6 -69
7 -69
8 -69
9 -69
10 -69
11 -69
12 -69
13 -69
14 -69
15 -69
16 -69
17 -69
18 -69
19 -69
20 -69
21 -69
22 -69
23 -69
24 -69
25 -69
26 -69
27 -69
28 -69
29 -69
30 -69
31 -69
32 -69
33 -69
34 -69
35 -69
36 -69
37 -69
38 -69
39 -69
40 -69
41 -69
42 -69
43 -69
44 -69
45 -69
46 -69
47 -69
48 -69
49 -69
50 -69
51 -69
52 -69
53 -69
54 -69
55 -69
56 -69
57 -69
58 -69
59 -69
60 -69
61 -69
62 -69
63 -69
64 -69
65 -69
66 -69
67 -69
68 -69
69 -69
70 -69
71 -69
72 -69
73 -69
74 -69
75 -69
76 -69
77 -69
78 -69
79 -69
80 -69
81 -69
82 -69
83 -69
84 -69
85 -69
86 -69
87 -69
88 -69
89 -69
90 -69
91 -69
92 -69
93 -69
94 -69
95 -69
96 -69
97 -69
98 -69
99 -69
100 -69
101 -69
102 -69
103 -69
104 -69
105 -69
106 -69
107 -69
108 -69
109 -69
110 -69
111 -69
112 -69
113 -69
114 -69
115 -69
116 -69
117 -69
118 -69
119 -69
120 -69
121 -69
122 -69
123 -69
124 -69
125 -69
126 -69
127 -69
128 -69
129 -69
130 -69
131 -69
132 -69
133 -69
134 -69
135 -69
136 -69
137 -69
138 -69
139 -69
140 -69
141 -69
142 -69
143 -69
144 -69
145 -69
146 -69
147 -69
148 -69
149 -69
150 -69
151 -69
152 -69
153 -69
154 -69
155 -69
156 -69
157 -69
158 -69
159 -69
160 -69
161 -69
162 -69
162 -70
162 -71
162 -72
161 -72
160 -72
159 -72
159 -73
159 -74
158 -74
157 -74
156 -74
155 -74
155 -75
155 -76
155 -77
155 -78
155 -79
156 -79
157 -79
158 -79
159 -79
160 -79
161 -79
162 -79
163 -79
164 -79
165 -79
166 -79
167 -79
168 -79
169 -79
170 -79
171 -79
172 -79
173 -79
174 -79
175 -79
176 -79
177 -79
178 -79
179 -79
180 -79
180 -80
180 -81
180 -82
180 -83
180 -84
180 -85
180 -86
180 -87
180 -88
180 -89
180 -90
179 -90
178 -90
177 -90
176 -90
175 -90
174 -90
173 -90
172 -90
171 -90
170 -90
169 -90
168 -90
167 -90
166 -90
165 -90
164 -90
163 -90
162 -90
161 -90
160 -90
159 -90
158 -90
157 -90
156 -90
155 -90
154 -90
153 -90
152 -90
151 -90
150 -90
149 -90
148 -90
147 -90
146 -90
145 -90
144 -90
143 -90
142 -90
141 -90
140 -90
139 -90
138 -90
137 -90
136 -90
135 -90
134 -90
133 -90
132 -90
131 -90
130 -90
129 -90
128 -90
127 -90
126 -90
125 -90
124 -90
123 -90
122 -90
121 -90
120 -90
119 -90
118 -90
117 -90
116 -90
115 -90
114 -90
113 -90
112 -90
111 -90
110 -90
109 -90
108 -90
107 -90
106 -90
105 -90
104 -90
103 -90
102 -90
101 -90
100 -90
99 -90
98 -90
97 -90
96 -90
95 -90
94 -90
93 -90
92 -90
91 -90
90 -90
89 -90
88 -90
87 -90
86 -90
85 -90
84 -90
83 -90
82 -90
81 -90
80 -90
79 -90
78 -90
77 -90
76 -90
75 -90
74 -90
73 -90
72 -90
71 -90
70 -90
69 -90
68 -90
67 -90
66 -90
65 -90
64 -90
63 -90
62 -90
61 -90
60 -90
59 -90
58 -90
57 -90
56 -90
55 -90
54 -90
53 -90
52 -90
51 -90
50 -90
49 -90
48 -90
47 -90
46 -90
45 -90
44 -90
43 -90
42 -90
41 -90
40 -90
39 -90
38 -90
37 -90
36 -90
35 -90
34 -90
33 -90
32 -90
31 -90
30 -90
29 -90
28 -90
27 -90
26 -90
25 -90
24 -90
23 -90
22 -90
21 -90
20 -90
19 -90
18 -90
17 -90
16 -90
15 -90
14 -90
13 -90
12 -90
11 -90
10 -90
9 -90
8 -90
7 -90
6 -90
5 -90
4 -90
3 -90
2 -90
1 -90
0 -90
-1 -90
-2 -90
-3 -90
-4 -90
-5 -90
-6 -90
-7 -90
-8 -90
-9 -90
-10 -90
-11 -90
-12 -90
-13 -90
-14 -90
-15 -90
-16 -90
-17 -90
-18 -90
-19 -90
-20 -90
-21 -90
-22 -90
-23 -90
-24 -90
-25 -90
-26 -90
-27 -90
-28 -90
-29 -90
-30 -90
-31 -90
-32 -90
-33 -90
-34 -90
-35 -90
-36 -90
-37 -90
-38 -90
-39 -90
-40 -90
-41 -90
-42 -90
-43 -90
-44 -90
-45 -90
-46 -90
-47 -90
-48 -90
-49 -90
-50 -90
-51 -90
-52 -90
-53 -90
-54 -90
-55 -90
-56 -90
-57 -90
-58 -90
-59 -90
-60 -90
-61 -90
-62 -90
-63 -90
-64 -90
-65 -90
-66 -90
-67 -90
-68 -90
-69 -90
-70 -90
-71 -90
-72 -90
-73 -90
-74 -90
-75 -90
-76 -90
-77 -90
-78 -90
-79 -90
-80 -90
-81 -90
-82 -90
-83 -90
-84 -90
-85 -90
-86 -90
-87 -90
-88 -90
-89 -90
-90 -90
-91 -90
-92 -90
-93 -90
-94 -90
-95 -90
-96 -90
-97 -90
-98 -90
-99 -90
-100 -90
-101 -90
-102 -90
-103 -90
-104 -90
-105 -90
-106 -90
-107 -90
-108 -90
-109 -90
-110 -90
-111 -90
-112 -90
-113 -90
-114 -90
-115 -90
-116 -90
-117 -90
-118 -90
-119 -90
-120 -90
-121 -90
-122 -90
-123 -90
-124 -90
-125 -90
-126 -90
-127 -90
-128 -90
-129 -90
-130 -90
-131 -90
-132 -90
-133 -90
-134 -90
-135 -90
-136 -90
-137 -90
-138 -90
-139 -90
-140 -90
-141 -90
-142 -90
-143 -90
-144 -90
-145 -90
-146 -90
-147 -90
-148 -90
-149 -90
-150 -90
-151 -90
-152 -90
-153 -90
-154 -90
-155 -90
-156 -90
-157 -90
-158 -90
-159 -90
-160 -90
-161 -90
-162 -90
-163 -90
-164 -90
-165 -90
-166 -90
-167 -90
-168 -90
-169 -90
-170 -90
-171 -90
-172 -90
-173 -90
-174 -90
-175 -90
-176 -90
-177 -90
-178 -90
-179 -90
-180 -90
> 729
-321 -69
-321 -68
-320 -68
-319 -68
-318 -68
-317 -68
-316 -68
-316 -67
-315 -67
-314 -67
-313 -67
-312 -67
-312 -66
-311 -66
-310 -66
-309 -66
-309 -65
-308 -65
-307 -65
-306 -65
-305 -65
-304 -65
-304 -66
-303 -66
-302 -66
-301 -66
-301 -67
-300 -67
-299 -67
-298 -67
-297 -67
-296 -67
-295 -67
-294 -67
-293 -67
-292 -67
-291 -67
-290 -67
-289 -67
-289 -68
-288 -68
-287 -68
-286 -68
-285 -68
-284 -68
-283 -68
-282 -68
-281 -68
-281 -67
-280 -67
-279 -67
-279 -66
-278 -66
-277 -66
-276 -66
-275 -66
-274 -66
-273 -66
-272 -66
-271 -66
-270 -66
-269 -66
-268 -66
-267 -66
-266 -66
-265 -66
-265 -65
-264 -65
-263 -65
-262 -65
-261 -65
-260 -65
-259 -65
-258 -65
-257 -65
-256 -65
-255 -65
-255 -66
-254 -66
-253 -66
-252 -66
-251 -66
-250 -66
-249 -66
-249 -65
-248 -65
-247 -65
-246 -65
-246 -66
-245 -66
-244 -66
-243 -66
-242 -66
-241 -66
-240 -66
-239 -66
-238 -66
-237 -66
-236 -66
-235 -66
-234 -66
-233 -66
-232 -66
-231 -66
-230 -66
-229 -66
-228 -66
-227 -66
-226 -66
-225 -66
-224 -66
-223 -66
-222 -66
-221 -66
-220 -66
-219 -66
-218 -66
-217 -66
-216 -66
-215 -66
-215 -67
-214 -67
-213 -67
-212 -67
-212 -68
-211 -68
-210 -68
-209 -68
-208 -68
-207 -68
-206 -68
-205 -68
-204 -68
-204 -69
-205 -69
-206 -69
-207 -69
-208 -69
-209 -69
-210 -69
-211 -69
-212 -69
-213 -69
-214 -69
-215 -69
-216 -69
-217 -69
-218 -69
-219 -69
-220 -69
-221 -69
-222 -69
-223 -69
-224 -69
-225 -69
-226 -69
-227 -69
-228 -69
-229 -69
-230 -69
-231 -69
-232 -69
-233 -69
-234 -69
-235 -69
-236 -69
-237 -69
-238 -69
-239 -69
-240 -69
-241 -69
-242 -69
-243 -69
-244 -69
-245 -69
-246 -69
-247 -69
-248 -69
-249 -69
-250 -69
-251 -69
-252 -69
-253 -69
-254 -69
-255 -69
-256 -69
-257 -69
-258 -69
-259 -69
-260 -69
-261 -69
-262 -69
-263 -69
-264 -69
-265 -69
-266 -69
-267 -69
-268 -69
-269 -69
-270 -69
-271 -69
-272 -69
-273 -69
-274 -69
-275 -69
-276 -69
-277 -69
-278 -69
-279 -69
-280 -69
-281 -69
-282 -69
-283 -69
-284 -69
-285 -69
-286 -69
-287 -69
-288 -69
-289 -69
-290 -69
-291 -69
-292 -69
-293 -69
-294 -69
-295 -69
-296 -69
-297 -69
-298 -69
-299 -69
-300 -69
-301 -69
-302 -69
-303 -69
-304 -69
-305 -69
-306 -69
-307 -69
-308 -69
-309 -69
-310 -69
-311 -69
-312 -69
-313 -69
-314 -69
-315 -69
-316 -69
-317 -69
-318 -69
-319 -69
-320 -69
-321 -69
> 729
-327 -69
-327 -68
-326 -68
-325 -68
-324 -68
-324 -69
-325 -69
-326 -69
-327 -69
