> 680
-49 60
-49 61
-50 61
-50 62
-51 62
-51 63
-52 63
-52 64
-53 64
-53 65
-54 65
-54 66
-54 67
-54 68
-54 69
-55 69
-55 70
-55 71
-56 71
-56 72
-57 72
-57 73
-57 74
-58 74
-58 75
-59 75
-60 75
-60 76
-61 76
-62 76
-63 76
-64 76
-65 76
-66 76
-67 76
-68 76
-69 76
-70 76
-71 76
-71 77
-72 77
-73 77
-73 78
-73 79
-72 79
-71 79
-70 79
-70 80
-69 80
-68 80
-67 80
-66 80
-65 80
-64 80
-63 80
-62 80
-61 80
-60 80
-59 80
-58 80
-57 80
-56 80
-55 80
-55 81
-54 81
-53 81
-52 81
-51 81
-50 81
-49 81
-48 81
-47 81
-46 81
-45 81
-44 81
-43 81
-42 81
-41 81
-40 81
-40 80
-40 79
-40 78
-40 77
-40 76
-40 75
-40 74
-40 73
-40 72
-40 71
-40 70
-40 69
-40 68
-40 67
-40 66
-40 65
-40 64
-40 63
-40 62
-41 62
-42 62
-42 61
-42 60
-43 60
-44 60
-45 60
-46 60
-47 60
-48 60
-49 60
