> 437
145 -67
145 -66
144 -66
143 -66
142 -66
141 -66
140 -66
139 -66
138 -66
137 -66
136 -66
135 -66
134 -66
133 -66
132 -66
131 -66
130 -66
129 -66
128 -66
127 -66
126 -66
125 -66
124 -66
123 -66
122 -66
121 -66
120 -66
119 -66
118 -66
117 -66
116 -66
115 -66
114 -66
114 -65
114 -64
114 -63
114 -62
114 -61
114 -60
114 -59
114 -58
114 -57
114 -56
114 -55
114 -54
115 -54
116 -54
117 -54
118 -54
119 -54
120 -54
120 -53
120 -52
121 -52
122 -52
123 -52
124 -52
125 -52
126 -52
127 -52
128 -52
129 -52
130 -52
131 -52
132 -52
133 -52
134 -52
135 -52
135 -53
135 -54
135 -55
135 -56
135 -57
135 -58
135 -59
135 -60
135 -61
136 -61
137 -61
138 -61
139 -61
140 -61
141 -61
142 -61
143 -61
144 -61
145 -61
146 -61
147 -61
148 -61
148 -62
148 -63
148 -64
148 -65
148 -66
148 -67
147 -67
146 -67
145 -67
> 437
114 -47
114 -46
114 -45
114 -44
114 -43
114 -42
114 -41
114 -40
115 -40
116 -40
117 -40
118 -40
119 -40
120 -40
121 -40
122 -40
123 -40
124 -40
125 -40
126 -40
127 -40
128 -40
129 -40
130 -40
131 -40
132 -40
133 -40
134 -40
135 -40
136 -40
137 -40
138 -40
139 -40
140 -40
141 -40
142 -40
142 -41
142 -42
142 -43
142 -44
142 -45
142 -46
142 -47
141 -47
140 -47
139 -47
138 -47
137 -47
136 -47
135 -47
134 -47
133 -47
132 -47
131 -47
130 -47
129 -47
128 -47
127 -47
126 -47
125 -47
124 -47
123 -47
122 -47
121 -47
120 -47
119 -47
118 -47
117 -47
116 -47
115 -47
114 -47
