> 670
-180 66
-180 67
-181 67
-182 67
-182 68
-183 68
-184 68
-185 68
-186 68
-187 68
-188 68
-189 68
-190 68
-191 68
-192 68
-193 68
-194 68
-195 68
-196 68
-197 68
-198 68
-199 68
-200 68
-201 68
-202 68
-202 69
-203 69
-204 69
-205 69
-206 69
-207 69
-208 69
-209 69
-210 69
-210 70
-211 70
-212 70
-213 70
-214 70
-215 70
-216 70
-217 70
-218 70
-219 70
-220 70
-221 70
-222 70
-223 70
-224 70
-225 70
-226 70
-227 70
-228 70
-229 70
-230 70
-230 71
-230 72
-229 72
-228 72
-227 72
-226 72
-225 72
-224 72
-223 72
-222 72
-221 72
-221 73
-220 73
-219 73
-218 73
-217 73
-216 73
-215 73
-214 73
-213 73
-212 73
-211 73
-210 73
-209 73
-209 72
-208 72
-207 72
-206 72
-205 72
-204 72
-203 72
-202 72
-201 72
-201 71
-200 71
-199 71
-199 70
-198 70
-197 70
-196 70
-195 70
-194 70
-193 70
-192 70
-192 71
-191 71
-190 71
-189 71
-188 71
-188 70
-187 70
-186 70
-185 70
-184 70
-183 70
-182 70
-182 71
-182 72
-181 72
-180 72
-179 72
-178 72
-177 72
-177 71
-177 70
-178 70
-178 69
-177 69
-176 69
-176 68
-175 68
-174 68
-173 68
-172 68
-172 67
-171 67
-170 67
-169 67
-169 66
-170 66
-171 66
-172 66
-173 66
-174 66
-175 66
-176 66
-177 66
-178 66
-179 66
-180 66
