> 653
110 73
110 74
110 75
109 75
108 75
107 75
106 75
105 75
104 75
103 75
102 75
101 75
100 75
99 75
98 75
97 75
96 75
95 75
94 75
93 75
92 75
91 75
90 75
89 75
88 75
88 74
87 74
86 74
85 74
85 75
85 76
86 76
87 76
88 76
88 77
88 78
89 78
90 78
91 78
92 78
93 78
94 78
95 78
96 78
97 78
97 77
98 77
99 77
100 77
101 77
101 78
102 78
103 78
104 78
105 78
106 78
107 78
108 78
109 78
110 78
111 78
112 78
113 78
114 78
115 78
116 78
116 77
116 76
116 75
117 75
118 75
119 75
120 75
121 75
122 75
123 75
124 75
125 75
126 75
127 75
128 75
129 75
130 75
130 74
130 73
129 73
128 73
127 73
126 73
125 73
124 73
123 73
122 73
121 73
120 73
119 73
118 73
117 73
116 73
115 73
114 73
113 73
112 73
111 73
110 73
