> 3
-185 54
-185 55
-186 55
-187 55
-188 55
-189 55
-190 55
-190 56
-190 57
-191 57
-192 57
-193 57
-194 57
-195 57
-196 57
-196 58
-195 58
-195 59
-194 59
-193 59
-192 59
-191 59
-190 59
-189 59
-189 60
-188 60
-187 60
-187 61
-186 61
-185 61
-184 61
-184 62
-183 62
-182 62
-181 62
-180 62
-180 63
-180 64
-179 64
-178 64
-177 64
-176 64
-175 64
-174 64
-173 64
-172 64
-172 63
-171 63
-170 63
-170 62
-169 62
-169 63
-168 63
-167 63
-166 63
-166 62
-167 62
-167 61
-168 61
-168 60
-168 59
-167 59
-166 59
-165 59
-164 59
-163 59
-163 58
-163 57
-163 56
-164 56
-165 56
-166 56
-167 56
-167 57
-167 58
-168 58
-169 58
-170 58
-171 58
-172 58
-172 57
-172 56
-171 56
-170 56
-169 56
-169 55
-170 55
-171 55
-172 55
-172 54
-173 54
-174 54
-175 54
-176 54
-177 54
-178 54
-179 54
-180 54
-181 54
-182 54
-183 54
-184 54
-185 54
