> 611
-180 0
-180 1
-180 2
-180 3
-180 4
-180 5
-180 6
-180 7
-180 8
-180 9
-180 10
-180 11
-180 12
-180 13
-180 14
-180 15
-180 16
-180 17
-181 17
-182 17
-183 17
-184 17
-185 17
-186 17
-187 17
-188 17
-189 17
-190 17
-191 17
-192 17
-193 17
-194 17
-195 17
-196 17
-197 17
-198 17
-199 17
-200 17
-201 17
-201 16
-201 15
-201 14
-201 13
-201 12
-202 12
-203 12
-204 12
-205 12
-206 12
-207 12
-208 12
-209 12
-210 12
-210 13
-210 14
-210 15
-210 16
-210 17
-210 18
-210 19
-210 20
-210 21
-210 22
-211 22
-212 22
-213 22
-214 22
-215 22
-215 23
-215 24
-215 25
-215 26
-215 27
-215 28
-215 29
-216 29
-216 30
-216 31
-216 32
-216 33
-215 33
-214 33
-213 33
-212 33
-212 34
-212 35
-212 36
-212 37
-212 38
-212 39
-212 40
-212 41
-211 41
-210 41
-210 42
-210 43
-209 43
-208 43
-207 43
-207 44
-206 44
-205 44
-205 45
-204 45
-203 45
-202 45
-201 45
-200 45
-199 45
-198 45
-197 45
-196 45
-195 45
-194 45
-193 45
-192 45
-191 45
-190 45
-189 45
-188 45
-187 45
-186 45
-185 45
-184 45
-183 45
-182 45
-181 45
-180 45
-179 45
-178 45
-177 45
-176 45
-175 45
-174 45
-173 45
-172 45
-171 45
-170 45
-169 45
-168 45
-167 45
-166 45
-165 45
-164 45
-163 45
-162 45
-161 45
-160 45
-159 45
-158 45
-157 45
-156 45
-155 45
-154 45
-153 45
-152 45
-151 45
-150 45
-149 45
-148 45
-147 45
-146 45
-145 45
-144 45
-143 45
-142 45
-141 45
-140 45
-139 45
-138 45
-137 45
-136 45
-135 45
-134 45
-133 45
-132 45
-132 44
-132 43
-132 42
-132 41
-132 40
-132 39
-132 38
-132 37
-132 36
-131 36
-130 36
-130 35
-129 35
-128 35
-127 35
-127 34
-127 33
-126 33
-125 33
-125 32
-124 32
-123 32
-122 32
-122 31
-122 30
-122 29
-121 29
-121 28
-121 27
-120 27
-120 26
-120 25
-120 24
-120 23
-120 22
-120 21
-120 20
-120 19
-120 18
-120 17
-120 16
-120 15
-120 14
-120 13
-120 12
-120 11
-120 10
-120 9
-120 8
-120 7
-120 6
-120 5
-120 4
-120 3
-120 2
-120 1
-120 0
-121 0
-122 0
-123 0
-124 0
-125 0
-126 0
-127 0
-128 0
-129 0
-130 0
-131 0
-132 0
-133 0
-134 0
-135 0
-136 0
-137 0
-138 0
-139 0
-140 0
-141 0
-142 0
-143 0
-144 0
-145 0
-146 0
-147 0
-148 0
-149 0
-150 0
-151 0
-152 0
-153 0
-153 1
-153 2
-153 3
-153 4
-153 5
-153 6
-153 7
-153 8
-153 9
-153 10
-154 10
-155 10
-156 10
-157 10
-158 10
-159 10
-160 10
-161 10
-162 10
-163 10
-164 10
-165 10
-165 9
-165 8
-165 7
-165 6
-165 5
-165 4
-165 3
-165 2
-165 1
-165 0
-166 0
-167 0
-168 0
-169 0
-170 0
-171 0
-172 0
-173 0
-174 0
-175 0
-176 0
-177 0
-178 0
-179 0
-180 0
> -Ph 611
-150 15
-150 16
-150 17
-150 18
-150 19
-150 20
-150 21
-150 22
-150 23
-150 24
-150 25
-150 26
-150 27
-151 27
-152 27
-153 27
-154 27
-155 27
-156 27
-157 27
-158 27
-159 27
-160 27
-160 28
-160 29
-161 29
-162 29
-163 29
-164 29
-165 29
-165 30
-165 31
-166 31
-167 31
-168 31
-169 31
-170 31
-170 32
-171 32
-172 32
-173 32
-174 32
-175 32
-176 32
-177 32
-178 32
-179 32
-180 32
-181 32
-182 32
-183 32
-183 31
-183 30
-183 29
-183 28
-183 27
-183 26
-183 25
-183 24
-182 24
-181 24
-180 24
-179 24
-178 24
-178 23
-178 22
-177 22
-176 22
-175 22
-175 21
-175 20
-174 20
-173 20
-172 20
-172 19
-172 18
-172 17
-172 16
-172 15
-171 15
-170 15
-169 15
-168 15
-167 15
-166 15
-165 15
-164 15
-163 15
-162 15
-161 15
-160 15
-159 15
-158 15
-157 15
-156 15
-155 15
-154 15
-153 15
-152 15
-151 15
-150 15
