> 633
135 80
135 81
135 82
135 83
135 84
134 84
133 84
132 84
131 84
130 84
130 85
129 85
128 85
127 85
126 85
125 85
124 85
123 85
122 85
121 85
120 85
120 86
120 87
119 87
118 87
117 87
116 87
115 87
114 87
113 87
112 87
111 87
110 87
109 87
108 87
107 87
106 87
105 87
104 87
103 87
102 87
101 87
100 87
100 88
99 88
98 88
97 88
96 88
95 88
94 88
93 88
92 88
91 88
90 88
89 88
88 88
87 88
86 88
85 88
84 88
83 88
82 88
81 88
80 88
79 88
78 88
77 88
76 88
75 88
74 88
73 88
72 88
71 88
70 88
69 88
68 88
67 88
66 88
65 88
64 88
63 88
62 88
61 88
60 88
59 88
58 88
57 88
56 88
55 88
54 88
53 88
52 88
51 88
50 88
49 88
48 88
47 88
46 88
45 88
44 88
43 88
42 88
41 88
40 88
39 88
38 88
37 88
36 88
35 88
34 88
33 88
32 88
31 88
30 88
29 88
28 88
27 88
26 88
25 88
24 88
23 88
22 88
21 88
20 88
19 88
18 88
17 88
16 88
15 88
14 88
13 88
12 88
11 88
10 88
9 88
8 88
7 88
6 88
5 88
4 88
3 88
2 88
1 88
0 88
0 89
0 90
0 91
1 91
2 91
3 91
4 91
5 91
6 91
7 91
8 91
9 91
10 91
11 91
12 91
13 91
14 91
15 91
16 91
17 91
18 91
19 91
20 91
21 91
22 91
23 91
24 91
25 91
26 91
27 91
28 91
29 91
30 91
31 91
32 91
33 91
34 91
35 91
36 91
37 91
38 91
39 91
40 91
41 91
42 91
43 91
44 91
45 91
46 91
47 91
48 91
49 91
50 91
51 91
52 91
53 91
54 91
55 91
56 91
57 91
58 91
59 91
60 91
61 91
62 91
63 91
64 91
65 91
66 91
67 91
68 91
69 91
70 91
71 91
72 91
73 91
74 91
75 91
76 91
77 91
78 91
79 91
80 91
81 91
82 91
83 91
84 91
85 91
86 91
87 91
88 91
89 91
90 91
91 91
92 91
93 91
94 91
95 91
96 91
97 91
98 91
99 91
100 91
101 91
102 91
103 91
104 91
105 91
106 91
107 91
108 91
109 91
110 91
111 91
112 91
113 91
114 91
115 91
116 91
117 91
118 91
119 91
120 91
121 91
122 91
123 91
124 91
125 91
126 91
127 91
128 91
129 91
130 91
131 91
132 91
133 91
134 91
135 91
136 91
137 91
138 91
139 91
140 91
141 91
142 91
143 91
144 91
145 91
146 91
147 91
148 91
149 91
150 91
151 91
152 91
153 91
154 91
155 91
156 91
157 91
158 91
159 91
160 91
161 91
162 91
163 91
164 91
165 91
166 91
167 91
168 91
169 91
170 91
171 91
172 91
173 91
174 91
175 91
176 91
177 91
178 91
179 91
180 91
181 91
182 91
183 91
184 91
185 91
186 91
187 91
188 91
189 91
190 91
191 91
192 91
193 91
194 91
195 91
196 91
197 91
198 91
199 91
200 91
201 91
202 91
203 91
204 91
205 91
206 91
207 91
208 91
209 91
210 91
211 91
212 91
213 91
214 91
215 91
216 91
217 91
218 91
219 91
220 91
221 91
222 91
223 91
224 91
225 91
226 91
227 91
228 91
229 91
230 91
231 91
232 91
233 91
234 91
235 91
236 91
237 91
238 91
239 91
240 91
241 91
242 91
243 91
244 91
245 91
246 91
247 91
248 91
249 91
250 91
251 91
252 91
253 91
254 91
255 91
256 91
257 91
258 91
259 91
260 91
261 91
262 91
263 91
264 91
265 91
266 91
267 91
268 91
269 91
270 91
271 91
272 91
273 91
274 91
275 91
276 91
277 91
278 91
279 91
280 91
281 91
282 91
283 91
284 91
285 91
286 91
287 91
288 91
289 91
290 91
291 91
292 91
293 91
294 91
295 91
296 91
297 91
298 91
299 91
300 91
301 91
302 91
303 91
304 91
305 91
306 91
307 91
308 91
309 91
310 91
311 91
312 91
313 91
314 91
315 91
316 91
317 91
318 91
319 91
320 91
321 91
322 91
323 91
324 91
325 91
326 91
327 91
328 91
329 91
330 91
331 91
332 91
333 91
334 91
335 91
336 91
337 91
338 91
339 91
340 91
341 91
342 91
343 91
344 91
345 91
346 91
347 91
348 91
349 91
350 91
351 91
352 91
353 91
354 91
355 91
356 91
357 91
358 91
359 91
360 91
360 90
360 89
360 88
359 88
358 88
357 88
356 88
355 88
354 88
353 88
352 88
351 88
350 88
350 87
350 86
350 85
349 85
348 85
347 85
346 85
345 85
344 85
343 85
342 85
341 85
340 85
339 85
338 85
337 85
336 85
335 85
334 85
333 85
332 85
331 85
330 85
329 85
328 85
327 85
326 85
325 85
324 85
323 85
322 85
321 85
320 85
319 85
318 85
317 85
316 85
315 85
314 85
313 85
312 85
311 85
310 85
309 85
308 85
307 85
306 85
305 85
304 85
303 85
302 85
301 85
300 85
300 86
299 86
298 86
297 86
296 86
295 86
294 86
293 86
292 86
291 86
290 86
289 86
288 86
287 86
286 86
285 86
285 87
285 88
284 88
283 88
282 88
281 88
280 88
279 88
278 88
277 88
276 88
275 88
274 88
273 88
272 88
271 88
270 88
269 88
268 88
267 88
266 88
265 88
264 88
263 88
262 88
261 88
260 88
259 88
258 88
257 88
256 88
255 88
254 88
253 88
252 88
251 88
250 88
249 88
248 88
247 88
246 88
245 88
244 88
243 88
242 88
241 88
240 88
239 88
238 88
237 88
236 88
235 88
234 88
233 88
232 88
231 88
230 88
229 88
228 88
227 88
226 88
225 88
224 88
223 88
222 88
221 88
220 88
219 88
218 88
217 88
216 88
215 88
214 88
213 88
212 88
211 88
210 88
209 88
208 88
207 88
206 88
205 88
204 88
203 88
202 88
201 88
200 88
199 88
198 88
197 88
196 88
195 88
194 88
193 88
192 88
191 88
190 88
189 88
188 88
187 88
186 88
185 88
184 88
183 88
182 88
181 88
180 88
180 87
179 87
178 87
177 87
176 87
175 87
174 87
173 87
172 87
171 87
170 87
170 86
170 85
169 85
168 85
167 85
166 85
165 85
164 85
163 85
162 85
161 85
160 85
160 84
159 84
158 84
157 84
156 84
155 84
155 83
155 82
155 81
155 80
154 80
153 80
152 80
151 80
150 80
149 80
148 80
147 80
146 80
145 80
144 80
143 80
142 80
141 80
140 80
139 80
138 80
137 80
136 80
135 80
