> 727
155 -79
155 -78
155 -77
155 -76
155 -75
155 -74
156 -74
157 -74
158 -74
159 -74
159 -73
159 -72
160 -72
161 -72
162 -72
162 -71
162 -70
163 -70
164 -70
165 -70
166 -70
167 -70
168 -70
168 -71
169 -71
170 -71
171 -71
171 -72
171 -73
170 -73
170 -74
169 -74
168 -74
167 -74
167 -75
166 -75
165 -75
164 -75
164 -76
164 -77
165 -77
166 -77
167 -77
168 -77
169 -77
170 -77
170 -78
170 -79
169 -79
168 -79
167 -79
166 -79
165 -79
164 -79
163 -79
162 -79
161 -79
160 -79
159 -79
158 -79
157 -79
156 -79
155 -79
