> 724
24 50
24 51
24 52
24 53
24 54
23 54
22 54
21 54
20 54
20 55
21 55
21 56
21 57
21 58
21 59
21 60
22 60
23 60
24 60
25 60
26 60
27 60
28 60
29 60
29 61
30 61
31 61
31 62
32 62
32 63
32 64
31 64
31 65
31 66
30 66
30 67
30 68
30 69
31 69
32 69
32 70
33 70
34 70
35 70
36 70
37 70
37 69
38 69
39 69
40 69
40 68
41 68
42 68
43 68
43 69
44 69
45 69
46 69
47 69
48 69
48 70
49 70
50 70
51 70
52 70
53 70
54 70
55 70
56 70
57 70
58 70
58 71
59 71
60 71
61 71
61 70
62 70
63 70
64 70
65 70
66 70
66 69
65 69
64 69
64 68
63 68
62 68
61 68
61 67
60 67
59 67
58 67
57 67
56 67
55 67
55 66
55 65
55 64
55 63
55 62
55 61
55 60
55 59
55 58
55 57
55 56
55 55
55 54
55 53
55 52
55 51
54 51
53 51
53 52
52 52
51 52
50 52
50 51
49 51
49 50
48 50
47 50
46 50
45 50
44 50
43 50
42 50
41 50
40 50
39 50
38 50
37 50
36 50
35 50
34 50
33 50
32 50
31 50
30 50
29 50
28 50
27 50
26 50
25 50
24 50
