> 599
114 -40
114 -39
114 -38
114 -37
114 -36
115 -36
116 -36
117 -36
118 -36
119 -36
120 -36
120 -35
121 -35
122 -35
123 -35
124 -35
125 -35
125 -34
126 -34
126 -33
127 -33
128 -33
129 -33
130 -33
131 -33
132 -33
133 -33
133 -34
134 -34
134 -35
135 -35
135 -36
136 -36
136 -37
137 -37
138 -37
139 -37
139 -38
139 -39
140 -39
141 -39
142 -39
142 -40
141 -40
140 -40
139 -40
138 -40
137 -40
136 -40
135 -40
134 -40
133 -40
132 -40
131 -40
130 -40
129 -40
128 -40
127 -40
126 -40
125 -40
124 -40
123 -40
122 -40
121 -40
120 -40
119 -40
118 -40
117 -40
116 -40
115 -40
114 -40
