> 587
15 -41
15 -40
15 -39
15 -38
15 -37
15 -36
15 -35
15 -34
15 -33
15 -32
15 -31
15 -30
15 -29
16 -29
16 -30
17 -30
17 -31
17 -32
17 -33
17 -34
17 -35
18 -35
19 -35
20 -35
21 -35
22 -35
23 -35
24 -35
25 -35
26 -35
27 -35
27 -34
28 -34
29 -34
29 -33
30 -33
30 -32
31 -32
31 -31
32 -31
32 -30
32 -29
33 -29
33 -28
33 -27
33 -26
34 -26
35 -26
35 -27
35 -28
35 -29
35 -30
35 -31
35 -32
35 -33
35 -34
35 -35
35 -36
35 -37
35 -38
35 -39
35 -40
35 -41
34 -41
33 -41
32 -41
31 -41
30 -41
29 -41
28 -41
27 -41
26 -41
25 -41
24 -41
23 -41
22 -41
21 -41
20 -41
19 -41
18 -41
17 -41
16 -41
15 -41
