> 671
142 58
142 59
142 60
141 60
140 60
139 60
138 60
137 60
136 60
135 60
134 60
133 60
132 60
131 60
130 60
130 61
130 62
130 63
130 64
130 65
130 66
130 67
130 68
130 69
130 70
131 70
132 70
133 70
134 70
135 70
136 70
137 70
138 70
139 70
140 70
141 70
142 70
143 70
144 70
145 70
146 70
147 70
148 70
149 70
150 70
150 69
151 69
152 69
153 69
154 69
155 69
156 69
157 69
158 69
158 68
159 68
160 68
161 68
162 68
163 68
164 68
165 68
166 68
167 68
168 68
169 68
170 68
171 68
172 68
173 68
174 68
175 68
176 68
177 68
178 68
178 67
179 67
180 67
180 66
181 66
182 66
183 66
184 66
185 66
186 66
187 66
188 66
189 66
190 66
191 66
191 65
190 65
189 65
189 64
188 64
187 64
186 64
185 64
184 64
183 64
182 64
181 64
180 64
180 63
180 62
179 62
178 62
177 62
176 62
176 61
175 61
174 61
173 61
173 60
172 60
171 60
171 59
170 59
169 59
168 59
167 59
166 59
165 59
165 60
164 60
163 60
162 60
161 60
160 60
159 60
158 60
157 60
156 60
156 59
155 59
155 58
154 58
153 58
152 58
151 58
150 58
149 58
148 58
147 58
146 58
145 58
144 58
143 58
142 58
