> 642
-10 61
-10 62
-10 63
-10 64
-10 65
-10 66
-10 67
-10 68
-10 69
-9 69
-8 69
-7 69
-6 69
-5 69
-4 69
-3 69
-2 69
-1 69
0 69
0 70
0 71
0 72
0 73
1 73
2 73
3 73
4 73
5 73
6 73
7 73
8 73
9 73
10 73
11 73
12 73
13 73
14 73
15 73
16 73
17 73
18 73
19 73
20 73
20 72
20 71
19 71
18 71
18 70
17 70
16 70
15 70
15 69
14 69
13 69
12 69
12 68
12 67
11 67
11 66
10 66
10 65
10 64
9 64
8 64
7 64
7 63
6 63
5 63
5 62
4 62
4 61
3 61
2 61
1 61
0 61
-1 61
-2 61
-3 61
-4 61
-5 61
-6 61
-7 61
-8 61
-9 61
-10 61
> 642
-350 73
-350 74
-350 75
-349 75
-348 75
-347 75
-346 75
-345 75
-344 75
-343 75
-342 75
-341 75
-340 75
-340 74
-340 73
-341 73
-342 73
-343 73
-344 73
-345 73
-346 73
-347 73
-348 73
-349 73
-350 73
