> 248
127 5
127 6
127 7
127 8
127 9
127 10
126 10
126 11
126 12
126 13
125 13
125 14
125 15
124 15
123 15
122 15
122 16
123 16
123 17
123 18
123 19
122 19
121 19
120 19
120 18
120 17
119 17
119 16
119 15
119 14
120 14
120 13
120 12
119 12
119 11
118 11
118 10
117 10
117 11
117 12
117 13
117 14
117 15
117 16
117 17
117 18
117 19
117 20
117 21
118 21
119 21
120 21
121 21
122 21
123 21
124 21
125 21
126 21
126 20
126 19
126 18
126 17
126 16
126 15
127 15
128 15
128 14
128 13
128 12
128 11
128 10
128 9
128 8
128 7
128 6
128 5
127 5
