> 684
-127 -60
-127 -59
-127 -58
-127 -57
-127 -56
-127 -55
-127 -54
-127 -53
-127 -52
-126 -52
-125 -52
-125 -51
-125 -50
-124 -50
-123 -50
-122 -50
-121 -50
-120 -50
-119 -50
-118 -50
-117 -50
-117 -49
-117 -48
-117 -47
-117 -46
-117 -45
-117 -44
-117 -43
-117 -42
-117 -41
-117 -40
-117 -39
-117 -38
-117 -37
-117 -36
-117 -35
-118 -35
-118 -34
-118 -33
-119 -33
-119 -32
-119 -31
-120 -31
-120 -30
-120 -29
-121 -29
-122 -29
-123 -29
-124 -29
-124 -28
-124 -27
-124 -26
-124 -25
-124 -24
-124 -23
-124 -22
-124 -21
-124 -20
-124 -19
-124 -18
-124 -17
-123 -17
-122 -17
-121 -17
-120 -17
-120 -16
-120 -15
-119 -15
-118 -15
-117 -15
-116 -15
-115 -15
-114 -15
-113 -15
-112 -15
-111 -15
-110 -15
-109 -15
-108 -15
-107 -15
-107 -16
-107 -17
-107 -18
-107 -19
-107 -20
-107 -21
-107 -22
-108 -22
-109 -22
-110 -22
-111 -22
-112 -22
-113 -22
-114 -22
-115 -22
-115 -23
-115 -24
-115 -25
-115 -26
-115 -27
-115 -28
-115 -29
-115 -30
-115 -31
-115 -32
-114 -32
-113 -32
-112 -32
-111 -32
-110 -32
-109 -32
-108 -32
-107 -32
-106 -32
-105 -32
-105 -33
-105 -34
-105 -35
-105 -36
-105 -37
-105 -38
-105 -39
-105 -40
-105 -41
-105 -42
-105 -43
-105 -44
-105 -45
-105 -46
-105 -47
-105 -48
-105 -49
-105 -50
-105 -51
-105 -52
-105 -53
-105 -54
-105 -55
-106 -55
-107 -55
-108 -55
-109 -55
-110 -55
-111 -55
-112 -55
-113 -55
-113 -56
-113 -57
-114 -57
-115 -57
-116 -57
-117 -57
-117 -58
-117 -59
-117 -60
-118 -60
-119 -60
-120 -60
-121 -60
-122 -60
-123 -60
-124 -60
-125 -60
-126 -60
-127 -60
