> 678
-116 74
-116 75
-117 75
-118 75
-119 75
-120 75
-121 75
-122 75
-123 75
-124 75
-125 75
-125 76
-125 77
-125 78
-124 78
-123 78
-122 78
-121 78
-120 78
-120 79
-119 79
-118 79
-117 79
-116 79
-115 79
-114 79
-113 79
-112 79
-111 79
-110 79
-110 80
-109 80
-108 80
-107 80
-106 80
-105 80
-104 80
-103 80
-102 80
-101 80
-100 80
-100 81
-99 81
-98 81
-97 81
-96 81
-95 81
-95 82
-94 82
-93 82
-92 82
-91 82
-90 82
-90 83
-89 83
-88 83
-87 83
-86 83
-85 83
-84 83
-83 83
-82 83
-81 83
-80 83
-80 84
-79 84
-78 84
-77 84
-76 84
-75 84
-74 84
-73 84
-72 84
-71 84
-70 84
-69 84
-68 84
-67 84
-66 84
-65 84
-64 84
-63 84
-62 84
-61 84
-60 84
-60 83
-60 82
-61 82
-62 82
-63 82
-64 82
-65 82
-65 81
-66 81
-67 81
-67 80
-68 80
-69 80
-70 80
-70 79
-71 79
-72 79
-73 79
-73 78
-73 77
-74 77
-75 77
-76 77
-77 77
-78 77
-78 76
-79 76
-79 75
-79 74
-80 74
-81 74
-82 74
-83 74
-84 74
-85 74
-86 74
-87 74
-88 74
-89 74
-90 74
-91 74
-92 74
-93 74
-94 74
-95 74
-96 74
-97 74
-98 74
-99 74
-100 74
-101 74
-102 74
-103 74
-104 74
-105 74
-106 74
-107 74
-108 74
-109 74
-110 74
-111 74
-112 74
-113 74
-114 74
-115 74
-116 74
