> 726
85 60
85 61
85 62
85 63
85 64
85 65
85 66
85 67
85 68
85 69
85 70
85 71
85 72
85 73
85 74
86 74
87 74
88 74
88 75
89 75
90 75
91 75
92 75
93 75
94 75
95 75
96 75
97 75
98 75
99 75
100 75
101 75
102 75
103 75
104 75
105 75
106 75
107 75
108 75
109 75
110 75
110 74
110 73
111 73
112 73
113 73
114 73
115 73
116 73
117 73
118 73
119 73
120 73
121 73
122 73
123 73
124 73
125 73
126 73
127 73
128 73
129 73
130 73
130 72
130 71
130 70
130 69
130 68
130 67
130 66
130 65
130 64
130 63
130 62
130 61
130 60
129 60
128 60
127 60
126 60
125 60
124 60
123 60
122 60
121 60
120 60
119 60
118 60
117 60
116 60
115 60
114 60
113 60
112 60
111 60
110 60
109 60
108 60
107 60
106 60
105 60
104 60
103 60
102 60
101 60
100 60
99 60
98 60
97 60
96 60
95 60
94 60
93 60
92 60
91 60
90 60
89 60
88 60
87 60
86 60
85 60
