> 435
96 -54
96 -53
96 -52
96 -51
96 -50
95 -50
94 -50
93 -50
92 -50
91 -50
90 -50
89 -50
88 -50
87 -50
86 -50
85 -50
84 -50
84 -49
84 -48
84 -47
84 -46
84 -45
84 -44
84 -43
84 -42
84 -41
84 -40
84 -39
84 -38
84 -37
84 -36
84 -35
84 -34
85 -34
86 -34
87 -34
87 -35
87 -36
87 -37
88 -37
89 -37
90 -37
90 -38
91 -38
92 -38
92 -39
93 -39
94 -39
95 -39
96 -39
97 -39
97 -40
98 -40
99 -40
100 -40
101 -40
102 -40
103 -40
104 -40
105 -40
105 -41
105 -42
106 -42
107 -42
108 -42
109 -42
110 -42
111 -42
112 -42
113 -42
114 -42
114 -43
114 -44
114 -45
114 -46
114 -47
114 -48
114 -49
114 -50
114 -51
114 -52
114 -53
114 -54
113 -54
112 -54
111 -54
110 -54
109 -54
108 -54
107 -54
106 -54
105 -54
104 -54
103 -54
102 -54
101 -54
100 -54
99 -54
98 -54
97 -54
96 -54
