> 649
61 70
61 71
60 71
59 71
59 72
59 73
59 74
60 74
61 74
62 74
62 75
63 75
64 75
65 75
66 75
67 75
67 76
68 76
69 76
70 76
70 77
70 78
70 79
70 80
70 81
70 82
71 82
72 82
73 82
74 82
75 82
76 82
77 82
78 82
79 82
80 82
81 82
82 82
83 82
84 82
85 82
85 81
85 80
85 79
86 79
87 79
88 79
89 79
90 79
91 79
92 79
93 79
93 78
92 78
91 78
90 78
89 78
88 78
88 77
88 76
87 76
86 76
85 76
84 76
83 76
82 76
81 76
81 75
80 75
79 75
79 74
78 74
77 74
76 74
75 74
74 74
73 74
72 74
71 74
70 74
69 74
69 73
68 73
68 72
67 72
66 72
66 71
66 70
65 70
64 70
63 70
62 70
61 70
