> 168
164 -61
164 -60
164 -59
164 -58
164 -57
164 -56
164 -55
164 -54
164 -53
164 -52
165 -52
166 -52
167 -52
168 -52
169 -52
170 -52
170 -51
170 -50
170 -49
171 -49
172 -49
173 -49
173 -48
174 -48
175 -48
176 -48
177 -48
177 -47
177 -46
177 -45
178 -45
179 -45
180 -45
180 -46
180 -47
180 -48
180 -49
180 -50
180 -51
180 -52
180 -53
180 -54
180 -55
180 -56
180 -57
180 -58
180 -59
180 -60
180 -61
179 -61
178 -61
177 -61
176 -61
175 -61
174 -61
173 -61
172 -61
171 -61
170 -61
169 -61
168 -61
167 -61
166 -61
165 -61
164 -61
