> 406
-20 -3
-20 -2
-21 -2
-22 -2
-23 -2
-24 -2
-25 -2
-26 -2
-27 -2
-27 -1
-28 -1
-29 -1
-30 -1
-31 -1
-31 0
-32 0
-32 1
-33 1
-33 2
-34 2
-34 3
-35 3
-35 4
-36 4
-36 5
-37 5
-38 5
-38 6
-39 6
-40 6
-40 7
-40 8
-41 8
-42 8
-43 8
-43 9
-44 9
-44 10
-43 10
-42 10
-41 10
-40 10
-39 10
-38 10
-37 10
-36 10
-35 10
-35 9
-34 9
-33 9
-32 9
-32 8
-32 7
-31 7
-30 7
-30 6
-30 5
-29 5
-28 5
-28 4
-27 4
-26 4
-26 3
-25 3
-24 3
-23 3
-22 3
-21 3
-20 3
-20 2
-19 2
-18 2
-18 1
-18 0
-18 -1
-18 -2
-18 -3
-19 -3
-20 -3
