> 428
40 -41
40 -40
41 -40
42 -40
43 -40
44 -40
44 -39
44 -38
45 -38
45 -37
45 -36
46 -36
47 -36
47 -35
48 -35
49 -35
49 -34
50 -34
51 -34
52 -34
52 -33
53 -33
54 -33
54 -32
55 -32
56 -32
56 -31
57 -31
58 -31
58 -30
59 -30
59 -29
60 -29
60 -28
61 -28
61 -27
62 -27
62 -26
63 -26
63 -25
64 -25
65 -25
66 -25
67 -25
67 -26
66 -26
66 -27
65 -27
65 -28
64 -28
64 -29
63 -29
63 -30
62 -30
62 -31
61 -31
61 -32
60 -32
60 -33
59 -33
58 -33
58 -34
57 -34
56 -34
56 -35
55 -35
54 -35
54 -36
53 -36
53 -37
52 -37
51 -37
51 -38
51 -39
50 -39
50 -40
50 -41
49 -41
48 -41
47 -41
46 -41
45 -41
44 -41
43 -41
42 -41
41 -41
40 -41
