> 636
-40 65
-40 66
-40 67
-40 68
-40 69
-40 70
-40 71
-40 72
-40 73
-40 74
-40 75
-40 76
-40 77
-40 78
-40 79
-40 80
-40 81
-39 81
-38 81
-37 81
-36 81
-35 81
-34 81
-33 81
-32 81
-31 81
-30 81
-30 80
-29 80
-28 80
-27 80
-26 80
-25 80
-24 80
-23 80
-22 80
-21 80
-20 80
-19 80
-18 80
-17 80
-17 79
-17 78
-17 77
-17 76
-17 75
-17 74
-18 74
-19 74
-20 74
-20 73
-20 72
-20 71
-20 70
-20 69
-21 69
-22 69
-23 69
-24 69
-25 69
-25 68
-26 68
-27 68
-28 68
-29 68
-30 68
-30 67
-31 67
-32 67
-33 67
-33 66
-34 66
-35 66
-35 65
-36 65
-37 65
-38 65
-39 65
-40 65
