> 728
-182 -78
-182 -77
-183 -77
-184 -77
-185 -77
-186 -77
-187 -77
-188 -77
-189 -77
-190 -77
-191 -77
-192 -77
-193 -77
-194 -77
-195 -77
-196 -77
-196 -76
-196 -75
-195 -75
-194 -75
-193 -75
-193 -74
-192 -74
-191 -74
-190 -74
-190 -73
-189 -73
-189 -72
-189 -71
-189 -70
-188 -70
-187 -70
-186 -70
-185 -70
-184 -70
-183 -70
-182 -70
-181 -70
-180 -70
-179 -70
-178 -70
-177 -70
-176 -70
-175 -70
-174 -70
-173 -70
-172 -70
-171 -70
-170 -70
-169 -70
-168 -70
-167 -70
-166 -70
-165 -70
-164 -70
-163 -70
-162 -70
-161 -70
-160 -70
-159 -70
-158 -70
-157 -70
-156 -70
-155 -70
-154 -70
-153 -70
-152 -70
-151 -70
-150 -70
-149 -70
-148 -70
-147 -70
-146 -70
-145 -70
-144 -70
-143 -70
-142 -70
-141 -70
-141 -71
-141 -72
-141 -73
-141 -74
-141 -75
-142 -75
-143 -75
-144 -75
-145 -75
-146 -75
-147 -75
-147 -76
-148 -76
-149 -76
-150 -76
-151 -76
-152 -76
-152 -77
-153 -77
-154 -77
-155 -77
-156 -77
-157 -77
-158 -77
-159 -77
-160 -77
-161 -77
-162 -77
-162 -78
-163 -78
-164 -78
-165 -78
-166 -78
-167 -78
-168 -78
-169 -78
-170 -78
-171 -78
-172 -78
-173 -78
-174 -78
-175 -78
-176 -78
-177 -78
-178 -78
-179 -78
-180 -78
-181 -78
-182 -78
