> 651
70 82
70 83
70 84
70 85
70 86
70 87
70 88
71 88
72 88
73 88
74 88
75 88
76 88
77 88
78 88
79 88
80 88
81 88
82 88
83 88
84 88
85 88
86 88
87 88
88 88
89 88
90 88
91 88
92 88
93 88
94 88
95 88
96 88
97 88
98 88
99 88
100 88
100 87
101 87
102 87
103 87
104 87
105 87
106 87
107 87
108 87
109 87
110 87
111 87
112 87
113 87
114 87
115 87
116 87
117 87
118 87
119 87
120 87
120 86
120 85
121 85
122 85
123 85
124 85
125 85
126 85
127 85
128 85
129 85
130 85
130 84
131 84
132 84
133 84
134 84
135 84
135 83
135 82
134 82
133 82
132 82
131 82
130 82
129 82
128 82
127 82
126 82
125 82
124 82
123 82
122 82
121 82
120 82
119 82
118 82
117 82
116 82
115 82
114 82
113 82
112 82
111 82
110 82
109 82
108 82
107 82
106 82
105 82
104 82
103 82
102 82
101 82
100 82
99 82
98 82
97 82
96 82
95 82
94 82
93 82
92 82
91 82
90 82
89 82
88 82
87 82
86 82
85 82
84 82
83 82
82 82
81 82
80 82
79 82
78 82
77 82
76 82
75 82
74 82
73 82
72 82
71 82
70 82
