> 425
20 -69
20 -68
20 -67
20 -66
20 -65
20 -64
20 -63
20 -62
20 -61
20 -60
21 -60
22 -60
23 -60
24 -60
25 -60
26 -60
27 -60
28 -60
29 -60
30 -60
31 -60
32 -60
32 -59
32 -58
32 -57
32 -56
32 -55
32 -54
32 -53
32 -52
33 -52
34 -52
35 -52
36 -52
37 -52
38 -52
39 -52
40 -52
41 -52
42 -52
43 -52
44 -52
45 -52
46 -52
47 -52
48 -52
49 -52
50 -52
51 -52
52 -52
53 -52
54 -52
55 -52
56 -52
57 -52
57 -51
57 -50
57 -49
57 -48
57 -47
57 -46
57 -45
57 -44
57 -43
57 -42
57 -41
56 -41
55 -41
54 -41
53 -41
52 -41
51 -41
50 -41
50 -40
50 -39
51 -39
51 -38
51 -37
52 -37
53 -37
53 -36
54 -36
54 -35
55 -35
56 -35
56 -34
57 -34
58 -34
58 -33
59 -33
60 -33
60 -32
61 -32
61 -31
62 -31
62 -30
63 -30
63 -29
64 -29
65 -29
66 -29
67 -29
68 -29
68 -28
69 -28
70 -28
71 -28
72 -28
73 -28
73 -29
73 -30
74 -30
74 -31
74 -32
74 -33
74 -34
74 -35
74 -36
74 -37
73 -37
73 -38
73 -39
73 -40
72 -40
72 -41
72 -42
71 -42
71 -43
71 -44
70 -44
69 -44
68 -44
67 -44
66 -44
65 -44
64 -44
63 -44
63 -45
63 -46
63 -47
63 -48
63 -49
63 -50
63 -51
63 -52
63 -53
63 -54
63 -55
64 -55
65 -55
66 -55
67 -55
68 -55
69 -55
70 -55
71 -55
71 -56
71 -57
71 -58
71 -59
71 -60
71 -61
71 -62
71 -63
71 -64
71 -65
71 -66
71 -67
70 -67
69 -67
68 -67
67 -67
66 -67
65 -67
64 -67
63 -67
62 -67
61 -67
60 -67
59 -67
59 -66
58 -66
57 -66
56 -66
56 -65
55 -65
54 -65
53 -65
52 -65
51 -65
51 -66
50 -66
49 -66
48 -66
48 -67
47 -67
46 -67
45 -67
44 -67
44 -68
43 -68
42 -68
41 -68
40 -68
39 -68
39 -69
38 -69
37 -69
36 -69
36 -68
35 -68
34 -68
33 -68
33 -69
32 -69
31 -69
30 -69
29 -69
28 -69
27 -69
26 -69
25 -69
24 -69
23 -69
22 -69
21 -69
20 -69
> 425
105 -66
105 -65
104 -65
103 -65
102 -65
101 -65
100 -65
99 -65
98 -65
97 -65
96 -65
95 -65
95 -66
94 -66
93 -66
92 -66
91 -66
90 -66
89 -66
88 -66
87 -66
86 -66
86 -65
86 -64
86 -63
86 -62
86 -61
86 -60
86 -59
86 -58
86 -57
85 -57
84 -57
83 -57
83 -56
83 -55
83 -54
82 -54
81 -54
80 -54
80 -53
80 -52
80 -51
80 -50
81 -50
82 -50
83 -50
84 -50
85 -50
86 -50
87 -50
88 -50
89 -50
90 -50
91 -50
92 -50
93 -50
94 -50
95 -50
96 -50
96 -51
96 -52
96 -53
96 -54
97 -54
98 -54
99 -54
100 -54
101 -54
102 -54
103 -54
104 -54
105 -54
106 -54
107 -54
108 -54
109 -54
110 -54
111 -54
112 -54
113 -54
114 -54
114 -55
114 -56
114 -57
114 -58
114 -59
114 -60
114 -61
114 -62
114 -63
114 -64
114 -65
113 -65
112 -65
111 -65
111 -66
110 -66
109 -66
108 -66
107 -66
106 -66
105 -66
> 425
35 -41
35 -40
35 -39
35 -38
35 -37
35 -36
35 -35
35 -34
35 -33
35 -32
35 -31
35 -30
35 -29
35 -28
35 -27
35 -26
36 -26
37 -26
38 -26
39 -26
40 -26
41 -26
42 -26
43 -26
44 -26
45 -26
46 -26
47 -26
48 -26
48 -25
48 -24
49 -24
49 -23
49 -22
49 -21
50 -21
50 -20
50 -19
50 -18
51 -18
51 -17
51 -16
51 -15
51 -14
51 -13
51 -12
51 -11
51 -10
51 -9
50 -9
49 -9
49 -8
49 -7
48 -7
47 -7
47 -6
47 -5
46 -5
45 -5
45 -4
45 -3
44 -3
43 -3
43 -2
43 -1
43 0
44 0
45 0
46 0
47 0
48 0
49 0
50 0
51 0
52 0
53 0
54 0
55 0
56 0
57 0
58 0
59 0
60 0
61 0
62 0
63 0
64 0
65 0
65 -1
66 -1
67 -1
67 -2
67 -3
67 -4
67 -5
67 -6
67 -7
66 -7
66 -8
66 -9
65 -9
65 -10
65 -11
65 -12
64 -12
64 -13
64 -14
64 -15
64 -16
64 -17
63 -17
62 -17
61 -17
60 -17
59 -17
58 -17
57 -17
56 -17
55 -17
54 -17
53 -17
53 -18
53 -19
53 -20
53 -21
53 -22
53 -23
53 -24
53 -25
54 -25
55 -25
56 -25
57 -25
58 -25
59 -25
60 -25
61 -25
62 -25
63 -25
63 -26
62 -26
62 -27
61 -27
61 -28
60 -28
60 -29
59 -29
59 -30
58 -30
58 -31
57 -31
56 -31
56 -32
55 -32
54 -32
54 -33
53 -33
52 -33
52 -34
51 -34
50 -34
49 -34
49 -35
48 -35
47 -35
47 -36
46 -36
45 -36
45 -37
45 -38
44 -38
44 -39
44 -40
43 -40
42 -40
41 -40
40 -40
40 -41
39 -41
38 -41
37 -41
36 -41
35 -41
> 425
97 -40
97 -39
96 -39
95 -39
94 -39
93 -39
92 -39
92 -38
91 -38
90 -38
90 -37
89 -37
88 -37
87 -37
87 -36
87 -35
87 -34
87 -33
88 -33
89 -33
90 -33
91 -33
92 -33
93 -33
94 -33
95 -33
96 -33
97 -33
98 -33
99 -33
100 -33
101 -33
102 -33
103 -33
104 -33
105 -33
105 -34
105 -35
105 -36
105 -37
105 -38
105 -39
105 -40
104 -40
103 -40
102 -40
101 -40
100 -40
99 -40
98 -40
97 -40
> 425
78 -30
78 -29
78 -28
77 -28
77 -27
77 -26
76 -26
76 -25
76 -24
75 -24
74 -24
74 -23
73 -23
73 -22
72 -22
72 -21
72 -20
71 -20
70 -20
70 -19
70 -18
70 -17
70 -16
70 -15
70 -14
70 -13
71 -13
71 -12
71 -11
72 -11
72 -10
73 -10
74 -10
75 -10
76 -10
77 -10
78 -10
78 -9
78 -8
78 -7
78 -6
78 -5
78 -4
78 -3
78 -2
78 -1
78 0
79 0
80 0
81 0
82 0
83 0
84 0
85 0
86 0
87 0
88 0
89 0
90 0
91 0
92 0
92 -1
92 -2
92 -3
92 -4
93 -4
94 -4
94 -5
94 -6
94 -7
95 -7
96 -7
96 -8
96 -9
96 -10
97 -10
98 -10
98 -11
98 -12
99 -12
100 -12
101 -12
102 -12
103 -12
104 -12
105 -12
105 -13
105 -14
105 -15
105 -16
105 -17
105 -18
105 -19
105 -20
105 -21
105 -22
105 -23
105 -24
105 -25
105 -26
105 -27
105 -28
105 -29
105 -30
104 -30
103 -30
102 -30
101 -30
100 -30
99 -30
98 -30
97 -30
96 -30
95 -30
94 -30
93 -30
92 -30
91 -30
90 -30
89 -30
88 -30
87 -30
86 -30
85 -30
84 -30
83 -30
82 -30
81 -30
80 -30
79 -30
78 -30
