> 403
-45 10
-45 11
-46 11
-46 12
-47 12
-47 13
-48 13
-48 14
-48 15
-48 16
-48 17
-48 18
-48 19
-48 20
-48 21
-48 22
-48 23
-48 24
-48 25
-48 26
-48 27
-47 27
-47 28
-47 29
-47 30
-46 30
-46 31
-45 31
-44 31
-44 32
-43 32
-43 33
-42 33
-42 34
-41 34
-41 35
-40 35
-39 35
-39 36
-38 36
-37 36
-37 37
-36 37
-36 38
-35 38
-35 37
-35 36
-35 35
-35 34
-34 34
-33 34
-32 34
-31 34
-30 34
-30 33
-31 33
-32 33
-32 32
-33 32
-34 32
-34 31
-35 31
-36 31
-36 30
-37 30
-38 30
-38 29
-39 29
-39 28
-40 28
-41 28
-41 27
-42 27
-42 26
-42 25
-43 25
-43 24
-43 23
-43 22
-43 21
-43 20
-43 19
-43 18
-43 17
-43 16
-43 15
-43 14
-43 13
-43 12
-42 12
-42 11
-41 11
-40 11
-40 10
-41 10
-42 10
-43 10
-44 10
-45 10
> 403
-35 43
-35 44
-35 45
-35 46
-35 47
-34 47
-34 48
-34 49
-34 50
-33 50
-33 51
-33 52
-32 52
-32 53
-32 54
-31 54
-30 54
-29 54
-28 54
-27 54
-26 54
-25 54
-25 53
-25 52
-24 52
-24 51
-24 50
-24 49
-24 48
-24 47
-23 47
-23 46
-22 46
-22 45
-21 45
-20 45
-20 44
-20 43
-21 43
-22 43
-23 43
-24 43
-25 43
-26 43
-27 43
-28 43
-29 43
-30 43
-31 43
-32 43
-33 43
-34 43
-35 43
