> 326
84 50
84 51
83 51
82 51
81 51
80 51
80 52
79 52
79 53
78 53
78 54
77 54
76 54
75 54
74 54
73 54
72 54
71 54
71 55
70 55
69 55
68 55
67 55
66 55
65 55
65 54
64 54
63 54
63 55
63 56
63 57
63 58
63 59
63 60
64 60
65 60
66 60
67 60
68 60
69 60
70 60
71 60
72 60
73 60
74 60
75 60
76 60
77 60
78 60
79 60
80 60
81 60
82 60
83 60
84 60
85 60
86 60
87 60
88 60
89 60
90 60
91 60
92 60
93 60
94 60
95 60
96 60
97 60
98 60
99 60
100 60
101 60
102 60
103 60
104 60
105 60
106 60
107 60
108 60
109 60
110 60
110 59
110 58
109 58
108 58
107 58
106 58
105 58
104 58
103 58
102 58
102 57
102 56
102 55
102 54
102 53
102 52
101 52
101 53
100 53
99 53
98 53
97 53
97 52
97 51
96 51
95 51
94 51
93 51
92 51
91 51
90 51
89 51
89 50
88 50
87 50
86 50
85 50
84 50
