> 404
-35 34
-35 35
-35 36
-35 37
-35 38
-35 39
-35 40
-35 41
-35 42
-35 43
-34 43
-33 43
-32 43
-31 43
-30 43
-29 43
-28 43
-27 43
-26 43
-25 43
-24 43
-23 43
-22 43
-21 43
-20 43
-20 42
-20 41
-20 40
-20 39
-20 38
-20 37
-20 36
-20 35
-20 34
-21 34
-22 34
-23 34
-24 34
-25 34
-26 34
-27 34
-28 34
-29 34
-30 34
-31 34
-32 34
-33 34
-34 34
-35 34
> -Ph 404
-25 36
-25 37
-25 38
-25 39
-26 39
-27 39
-27 40
-28 40
-29 40
-30 40
-31 40
-32 40
-33 40
-33 39
-32 39
-31 39
-31 38
-31 37
-30 37
-29 37
-28 37
-27 37
-27 36
-26 36
-25 36
