> 635
-67 80
-67 81
-66 81
-65 81
-65 82
-64 82
-63 82
-62 82
-61 82
-60 82
-60 83
-60 84
-60 85
-59 85
-58 85
-57 85
-56 85
-55 85
-54 85
-53 85
-52 85
-51 85
-50 85
-49 85
-48 85
-47 85
-46 85
-45 85
-44 85
-43 85
-42 85
-41 85
-40 85
-39 85
-38 85
-37 85
-36 85
-35 85
-34 85
-33 85
-32 85
-31 85
-30 85
-29 85
-28 85
-27 85
-26 85
-25 85
-24 85
-23 85
-22 85
-21 85
-20 85
-19 85
-18 85
-17 85
-16 85
-15 85
-14 85
-13 85
-12 85
-11 85
-10 85
-10 84
-10 83
-10 82
-10 81
-11 81
-12 81
-13 81
-14 81
-15 81
-15 80
-16 80
-17 80
-18 80
-19 80
-20 80
-21 80
-22 80
-23 80
-24 80
-25 80
-26 80
-27 80
-28 80
-29 80
-30 80
-30 81
-31 81
-32 81
-33 81
-34 81
-35 81
-36 81
-37 81
-38 81
-39 81
-40 81
-41 81
-42 81
-43 81
-44 81
-45 81
-46 81
-47 81
-48 81
-49 81
-50 81
-51 81
-52 81
-53 81
-54 81
-55 81
-55 80
-56 80
-57 80
-58 80
-59 80
-60 80
-61 80
-62 80
-63 80
-64 80
-65 80
-66 80
-67 80
