> 410
-7 -60
-7 -59
-7 -58
-7 -57
-7 -56
-8 -56
-8 -55
-9 -55
-9 -54
-10 -54
-10 -53
-10 -52
-10 -51
-10 -50
-10 -49
-11 -49
-12 -49
-13 -49
-14 -49
-15 -49
-16 -49
-17 -49
-18 -49
-19 -49
-20 -49
-21 -49
-22 -49
-22 -48
-22 -47
-22 -46
-22 -45
-22 -44
-22 -43
-21 -43
-21 -42
-21 -41
-21 -40
-21 -39
-21 -38
-21 -37
-22 -37
-22 -36
-23 -36
-23 -35
-24 -35
-25 -35
-25 -34
-26 -34
-26 -33
-27 -33
-27 -32
-26 -32
-25 -32
-24 -32
-23 -32
-22 -32
-21 -32
-20 -32
-19 -32
-18 -32
-18 -31
-18 -30
-18 -29
-18 -28
-18 -27
-18 -26
-18 -25
-18 -24
-18 -23
-18 -22
-18 -21
-18 -20
-18 -19
-18 -18
-18 -17
-18 -16
-18 -15
-18 -14
-18 -13
-18 -12
-17 -12
-16 -12
-15 -12
-14 -12
-13 -12
-12 -12
-11 -12
-10 -12
-10 -13
-10 -14
-10 -15
-10 -16
-10 -17
-10 -18
-10 -19
-10 -20
-10 -21
-10 -22
-10 -23
-10 -24
-10 -25
-9 -25
-9 -26
-9 -27
-8 -27
-8 -28
-8 -29
-8 -30
-9 -30
-9 -31
-9 -32
-10 -32
-10 -33
-10 -34
-11 -34
-12 -34
-13 -34
-14 -34
-15 -34
-16 -34
-16 -35
-16 -36
-16 -37
-16 -38
-16 -39
-16 -40
-16 -41
-16 -42
-16 -43
-15 -43
-14 -43
-13 -43
-12 -43
-11 -43
-10 -43
-9 -43
-8 -43
-8 -44
-8 -45
-8 -46
-7 -46
-6 -46
-6 -47
-5 -47
-4 -47
-4 -48
-3 -48
-2 -48
-2 -49
-2 -50
-2 -51
-2 -52
-2 -53
-2 -54
-2 -55
-2 -56
-2 -57
-2 -58
-2 -59
-2 -60
-3 -60
-4 -60
-5 -60
-6 -60
-7 -60
