> 16
-196 45
-196 46
-196 47
-196 48
-196 49
-196 50
-196 51
-196 52
-196 53
-195 53
-194 53
-193 53
-192 53
-191 53
-190 53
-190 52
-190 51
-189 51
-188 51
-187 51
-186 51
-185 51
-185 50
-184 50
-183 50
-182 50
-181 50
-180 50
-179 50
-178 50
-177 50
-176 50
-175 50
-174 50
-173 50
-172 50
-172 51
-171 51
-170 51
-169 51
-168 51
-167 51
-167 52
-166 52
-166 53
-165 53
-165 52
-165 51
-165 50
-165 49
-165 48
-165 47
-165 46
-165 45
-166 45
-167 45
-168 45
-169 45
-170 45
-171 45
-172 45
-173 45
-174 45
-175 45
-176 45
-177 45
-178 45
-179 45
-180 45
-181 45
-182 45
-183 45
-184 45
-185 45
-186 45
-187 45
-188 45
-189 45
-190 45
-191 45
-192 45
-193 45
-194 45
-195 45
-196 45
