> 641
-15 80
-15 81
-14 81
-13 81
-12 81
-11 81
-10 81
-10 82
-10 83
-10 84
-10 85
-10 86
-10 87
-10 88
-9 88
-8 88
-7 88
-6 88
-5 88
-4 88
-3 88
-2 88
-1 88
0 88
1 88
2 88
3 88
4 88
5 88
6 88
7 88
8 88
9 88
10 88
11 88
12 88
13 88
14 88
15 88
16 88
17 88
18 88
19 88
20 88
21 88
22 88
23 88
24 88
25 88
26 88
27 88
28 88
29 88
30 88
31 88
32 88
33 88
34 88
35 88
35 87
35 86
35 85
35 84
35 83
35 82
34 82
33 82
32 82
31 82
30 82
29 82
28 82
27 82
26 82
25 82
24 82
23 82
22 82
21 82
20 82
19 82
18 82
17 82
16 82
15 82
14 82
13 82
12 82
11 82
10 82
9 82
8 82
7 82
6 82
5 82
5 81
5 80
4 80
3 80
2 80
1 80
0 80
-1 80
-2 80
-3 80
-4 80
-5 80
-6 80
-7 80
-8 80
-9 80
-10 80
-11 80
-12 80
-13 80
-14 80
-15 80
