> 157
-50 -77
-50 -76
-51 -76
-52 -76
-53 -76
-54 -76
-55 -76
-56 -76
-56 -75
-57 -75
-58 -75
-59 -75
-60 -75
-60 -74
-60 -73
-60 -72
-60 -71
-59 -71
-58 -71
-57 -71
-56 -71
-55 -71
-54 -71
-53 -71
-52 -71
-51 -71
-50 -71
-49 -71
-48 -71
-47 -71
-46 -71
-45 -71
-44 -71
-43 -71
-42 -71
-41 -71
-40 -71
-39 -71
-38 -71
-37 -71
-36 -71
-35 -71
-34 -71
-33 -71
-32 -71
-31 -71
-30 -71
-29 -71
-28 -71
-27 -71
-26 -71
-25 -71
-24 -71
-23 -71
-22 -71
-21 -71
-20 -71
-19 -71
-18 -71
-17 -71
-16 -71
-15 -71
-14 -71
-14 -72
-15 -72
-16 -72
-17 -72
-18 -72
-19 -72
-19 -73
-20 -73
-21 -73
-21 -74
-22 -74
-23 -74
-24 -74
-24 -75
-25 -75
-26 -75
-27 -75
-27 -76
-28 -76
-29 -76
-30 -76
-31 -76
-32 -76
-32 -77
-33 -77
-34 -77
-35 -77
-36 -77
-37 -77
-38 -77
-39 -77
-40 -77
-41 -77
-42 -77
-43 -77
-44 -77
-45 -77
-46 -77
-47 -77
-48 -77
-49 -77
-50 -77
