> 402
-49 0
-49 1
-49 2
-49 3
-50 3
-50 4
-50 5
-50 6
-51 6
-52 6
-52 7
-53 7
-54 7
-55 7
-56 7
-57 7
-57 8
-58 8
-58 9
-59 9
-60 9
-60 10
-60 11
-60 12
-59 12
-59 13
-59 14
-59 15
-59 16
-59 17
-59 18
-60 18
-60 19
-60 20
-61 20
-62 20
-63 20
-64 20
-65 20
-66 20
-67 20
-68 20
-68 19
-69 19
-69 20
-69 21
-69 22
-69 23
-69 24
-69 25
-69 26
-69 27
-69 28
-69 29
-69 30
-69 31
-69 32
-69 33
-69 34
-69 35
-69 36
-69 37
-69 38
-69 39
-69 40
-69 41
-69 42
-68 42
-67 42
-66 42
-66 43
-65 43
-65 44
-64 44
-63 44
-62 44
-62 45
-61 45
-60 45
-59 45
-59 46
-59 47
-58 47
-57 47
-56 47
-56 46
-55 46
-54 46
-53 46
-52 46
-52 47
-52 48
-52 49
-52 50
-52 51
-52 52
-52 53
-52 54
-52 55
-52 56
-52 57
-52 58
-52 59
-52 60
-51 60
-50 60
-49 60
-48 60
-47 60
-46 60
-45 60
-44 60
-43 60
-42 60
-42 61
-42 62
-41 62
-40 62
-40 63
-40 64
-40 65
-39 65
-38 65
-37 65
-36 65
-35 65
-35 66
-34 66
-33 66
-33 67
-32 67
-31 67
-30 67
-30 66
-30 65
-30 64
-30 63
-30 62
-30 61
-31 61
-31 60
-32 60
-33 60
-33 59
-34 59
-35 59
-35 58
-36 58
-37 58
-37 57
-37 56
-37 55
-37 54
-37 53
-37 52
-36 52
-35 52
-34 52
-33 52
-33 51
-33 50
-34 50
-34 49
-34 48
-34 47
-35 47
-35 46
-35 45
-35 44
-35 43
-35 42
-35 41
-35 40
-35 39
-35 38
-36 38
-36 37
-37 37
-37 36
-38 36
-39 36
-39 35
-40 35
-41 35
-41 34
-42 34
-42 33
-43 33
-43 32
-44 32
-44 31
-45 31
-46 31
-46 30
-47 30
-47 29
-47 28
-47 27
-48 27
-48 26
-48 25
-48 24
-48 23
-48 22
-48 21
-48 20
-48 19
-48 18
-48 17
-48 16
-48 15
-48 14
-48 13
-47 13
-47 12
-46 12
-46 11
-45 11
-45 10
-44 10
-44 9
-43 9
-43 8
-42 8
-41 8
-40 8
-40 7
-40 6
-39 6
-38 6
-38 5
-37 5
-36 5
-36 4
-35 4
-35 3
-34 3
-34 2
-33 2
-33 1
-32 1
-32 0
-33 0
-34 0
-35 0
-36 0
-37 0
-38 0
-39 0
-40 0
-41 0
-42 0
-43 0
-44 0
-45 0
-46 0
-47 0
-48 0
-49 0
> 402
-20 2
-20 3
-21 3
-22 3
-23 3
-24 3
-25 3
-26 3
-26 4
-27 4
-28 4
-28 5
-29 5
-30 5
-30 6
-30 7
-31 7
-32 7
-32 8
-32 9
-33 9
-34 9
-35 9
-35 10
-36 10
-37 10
-38 10
-39 10
-40 10
-40 11
-41 11
-42 11
-42 12
-43 12
-43 13
-43 14
-43 15
-43 16
-43 17
-43 18
-43 19
-43 20
-43 21
-43 22
-43 23
-43 24
-43 25
-42 25
-42 26
-42 27
-41 27
-41 28
-40 28
-39 28
-39 29
-38 29
-38 30
-37 30
-36 30
-36 31
-35 31
-34 31
-34 32
-33 32
-32 32
-32 33
-31 33
-30 33
-30 34
-29 34
-28 34
-27 34
-26 34
-25 34
-24 34
-23 34
-22 34
-22 33
-22 32
-22 31
-22 30
-22 29
-22 28
-22 27
-22 26
-22 25
-21 25
-20 25
-19 25
-18 25
-18 24
-18 23
-18 22
-18 21
-18 20
-18 19
-18 18
-18 17
-18 16
-18 15
-18 14
-18 13
-18 12
-18 11
-18 10
-18 9
-18 8
-18 7
-18 6
-18 5
-18 4
-18 3
-18 2
-19 2
-20 2
> 402
-20 39
-20 40
-20 41
-20 42
-20 43
-20 44
-20 45
-21 45
-22 45
-22 46
-23 46
-23 47
-24 47
-24 48
-24 49
-24 50
-24 51
-24 52
-25 52
-25 53
-25 54
-26 54
-27 54
-28 54
-29 54
-30 54
-31 54
-32 54
-32 55
-32 56
-31 56
-31 57
-30 57
-30 58
-29 58
-29 59
-28 59
-28 60
-27 60
-27 61
-26 61
-25 61
-24 61
-23 61
-22 61
-21 61
-20 61
-19 61
-18 61
-17 61
-16 61
-15 61
-14 61
-13 61
-12 61
-11 61
-10 61
-9 61
-8 61
-7 61
-6 61
-5 61
-4 61
-4 60
-4 59
-5 59
-6 59
-7 59
-8 59
-8 58
-8 57
-8 56
-9 56
-9 55
-10 55
-11 55
-11 54
-11 53
-11 52
-11 51
-10 51
-9 51
-8 51
-7 51
-6 51
-6 50
-5 50
-4 50
-3 50
-3 49
-4 49
-5 49
-5 48
-5 47
-5 46
-5 45
-5 44
-6 44
-7 44
-8 44
-9 44
-10 44
-10 43
-10 42
-10 41
-10 40
-10 39
-11 39
-12 39
-13 39
-14 39
-15 39
-16 39
-17 39
-18 39
-19 39
-20 39
