> 420
44 0
44 1
45 1
46 1
46 2
47 2
47 3
48 3
48 4
49 4
49 5
49 6
50 6
50 7
50 8
51 8
51 9
51 10
52 10
52 11
53 11
54 11
54 10
54 9
54 8
55 8
55 7
55 6
56 6
56 5
57 5
58 5
58 4
59 4
60 4
60 3
61 3
62 3
62 2
63 2
64 2
64 1
65 1
65 0
64 0
63 0
62 0
61 0
60 0
59 0
58 0
57 0
56 0
55 0
54 0
53 0
52 0
51 0
50 0
49 0
48 0
47 0
46 0
45 0
44 0
> 420
78 0
78 1
78 2
79 2
80 2
80 3
80 4
80 5
81 5
82 5
83 5
83 6
84 6
85 6
86 6
87 6
88 6
89 6
90 6
90 5
90 4
90 3
90 2
91 2
92 2
92 1
92 0
91 0
90 0
89 0
88 0
87 0
86 0
85 0
84 0
83 0
82 0
81 0
80 0
79 0
78 0
> 420
69 1
69 2
68 2
68 3
68 4
68 5
67 5
66 5
66 6
65 6
64 6
64 7
63 7
63 8
64 8
65 8
66 8
67 8
68 8
69 8
70 8
70 7
70 6
70 5
70 4
70 3
70 2
70 1
69 1
