> 150
-52 -62
-52 -61
-52 -60
-53 -60
-54 -60
-55 -60
-56 -60
-57 -60
-58 -60
-59 -60
-59 -59
-59 -58
-59 -57
-59 -56
-59 -55
-58 -55
-57 -55
-56 -55
-55 -55
-54 -55
-53 -55
-52 -55
-51 -55
-50 -55
-49 -55
-48 -55
-47 -55
-46 -55
-45 -55
-44 -55
-43 -55
-42 -55
-41 -55
-40 -55
-40 -56
-40 -57
-39 -57
-38 -57
-37 -57
-36 -57
-35 -57
-34 -57
-33 -57
-32 -57
-31 -57
-31 -58
-31 -59
-31 -60
-31 -61
-31 -62
-32 -62
-33 -62
-34 -62
-35 -62
-36 -62
-37 -62
-38 -62
-39 -62
-40 -62
-41 -62
-42 -62
-43 -62
-44 -62
-45 -62
-46 -62
-47 -62
-48 -62
-49 -62
-50 -62
-51 -62
-52 -62
