> 17
-165 45
-165 46
-165 47
-165 48
-165 49
-165 50
-165 51
-165 52
-165 53
-164 53
-163 53
-163 54
-162 54
-161 54
-160 54
-160 55
-159 55
-158 55
-157 55
-157 56
-156 56
-155 56
-154 56
-153 56
-152 56
-151 56
-151 55
-150 55
-149 55
-148 55
-147 55
-146 55
-145 55
-144 55
-143 55
-142 55
-142 54
-142 53
-142 52
-142 51
-142 50
-142 49
-142 48
-142 47
-142 46
-142 45
-143 45
-144 45
-145 45
-146 45
-147 45
-148 45
-149 45
-150 45
-151 45
-152 45
-153 45
-154 45
-155 45
-156 45
-157 45
-158 45
-159 45
-160 45
-161 45
-162 45
-163 45
-164 45
-165 45
