> 664
108 20
108 21
108 22
107 22
107 23
106 23
106 24
105 24
105 25
104 25
104 26
104 27
105 27
105 28
106 28
106 29
107 29
108 29
108 28
109 28
109 29
109 30
109 31
110 31
110 32
109 32
108 32
108 33
107 33
106 33
106 34
107 34
107 35
108 35
109 35
109 36
109 37
110 37
111 37
112 37
113 37
114 37
115 37
116 37
117 37
118 37
119 37
120 37
121 37
122 37
123 37
123 36
122 36
121 36
121 35
121 34
121 33
122 33
122 32
122 31
123 31
123 30
123 29
122 29
122 28
121 28
120 28
119 28
118 28
118 27
117 27
117 26
116 26
116 25
115 25
114 25
114 24
113 24
112 24
112 23
112 22
112 21
112 20
111 20
110 20
109 20
108 20
