> 429
76 -50
76 -49
76 -48
76 -47
76 -46
76 -45
76 -44
75 -44
74 -44
73 -44
72 -44
71 -44
71 -43
71 -42
72 -42
72 -41
72 -40
73 -40
73 -39
73 -38
73 -37
74 -37
74 -36
74 -35
74 -34
74 -33
74 -32
74 -31
74 -30
73 -30
73 -29
73 -28
72 -28
72 -27
71 -27
71 -26
70 -26
70 -25
69 -25
68 -25
67 -25
67 -24
67 -23
67 -22
67 -21
67 -20
67 -19
67 -18
67 -17
66 -17
65 -17
64 -17
64 -16
64 -15
64 -14
64 -13
64 -12
65 -12
65 -11
65 -10
65 -9
66 -9
66 -8
66 -7
67 -7
68 -7
68 -8
68 -9
68 -10
69 -10
70 -10
71 -10
72 -10
72 -11
71 -11
71 -12
71 -13
70 -13
70 -14
70 -15
70 -16
70 -17
70 -18
70 -19
70 -20
71 -20
72 -20
72 -21
72 -22
73 -22
73 -23
74 -23
74 -24
75 -24
76 -24
76 -25
76 -26
77 -26
77 -27
77 -28
78 -28
78 -29
78 -30
79 -30
79 -31
79 -32
79 -33
79 -34
79 -35
80 -35
81 -35
82 -35
83 -35
84 -35
84 -36
84 -37
84 -38
84 -39
84 -40
84 -41
84 -42
84 -43
84 -44
84 -45
84 -46
84 -47
84 -48
84 -49
84 -50
83 -50
82 -50
81 -50
80 -50
79 -50
78 -50
77 -50
76 -50
