> 658
111 37
111 38
111 39
111 40
111 41
111 42
111 43
112 43
112 44
112 45
113 45
114 45
115 45
115 46
116 46
117 46
117 47
118 47
119 47
119 48
118 48
117 48
116 48
116 49
117 49
118 49
119 49
120 49
120 50
120 51
121 51
121 52
121 53
122 53
123 53
124 53
125 53
125 52
126 52
126 51
126 50
126 49
127 49
128 49
129 49
129 48
130 48
130 47
131 47
132 47
133 47
133 46
132 46
131 46
130 46
130 45
130 44
130 43
129 43
129 42
128 42
127 42
126 42
126 41
125 41
125 40
124 40
124 39
124 38
124 37
123 37
122 37
121 37
120 37
119 37
118 37
117 37
116 37
115 37
114 37
113 37
112 37
111 37
