> 590
114 -36
114 -35
114 -34
114 -33
114 -32
114 -31
114 -30
113 -30
113 -29
113 -28
112 -28
112 -27
112 -26
112 -25
112 -24
112 -23
112 -22
113 -22
113 -21
114 -21
114 -20
115 -20
116 -20
117 -20
117 -19
118 -19
119 -19
120 -19
120 -18
121 -18
121 -17
121 -16
122 -16
123 -16
123 -15
124 -15
124 -14
125 -14
125 -13
126 -13
127 -13
128 -13
129 -13
129 -14
129 -15
129 -16
129 -17
129 -18
129 -19
129 -20
129 -21
129 -22
129 -23
129 -24
129 -25
129 -26
129 -27
129 -28
129 -29
129 -30
129 -31
129 -32
129 -33
128 -33
127 -33
126 -33
126 -34
125 -34
125 -35
124 -35
123 -35
122 -35
121 -35
120 -35
120 -36
119 -36
118 -36
117 -36
116 -36
115 -36
114 -36
