> 679
-124 60
-124 61
-125 61
-126 61
-127 61
-127 62
-128 62
-129 62
-129 63
-130 63
-130 64
-131 64
-131 65
-132 65
-132 66
-133 66
-134 66
-134 67
-135 67
-136 67
-136 68
-136 69
-137 69
-137 70
-136 70
-135 70
-134 70
-133 70
-132 70
-131 70
-130 70
-130 71
-129 71
-128 71
-127 71
-127 72
-127 73
-127 74
-126 74
-125 74
-125 75
-124 75
-123 75
-122 75
-121 75
-120 75
-119 75
-118 75
-117 75
-116 75
-116 74
-115 74
-114 74
-113 74
-112 74
-111 74
-110 74
-109 74
-108 74
-107 74
-106 74
-105 74
-104 74
-103 74
-102 74
-101 74
-100 74
-99 74
-98 74
-97 74
-96 74
-95 74
-94 74
-93 74
-92 74
-91 74
-90 74
-90 73
-90 72
-90 71
-90 70
-89 70
-88 70
-87 70
-86 70
-85 70
-84 70
-83 70
-82 70
-81 70
-80 70
-79 70
-78 70
-78 69
-77 69
-76 69
-75 69
-75 68
-74 68
-74 67
-75 67
-75 66
-76 66
-77 66
-78 66
-79 66
-79 65
-79 64
-80 64
-80 63
-81 63
-82 63
-83 63
-84 63
-85 63
-86 63
-87 63
-88 63
-89 63
-90 63
-91 63
-91 62
-92 62
-93 62
-93 61
-94 61
-94 60
-95 60
-96 60
-97 60
-98 60
-99 60
-100 60
-101 60
-102 60
-103 60
-104 60
-105 60
-106 60
-107 60
-108 60
-109 60
-110 60
-111 60
-112 60
-113 60
-114 60
-115 60
-116 60
-117 60
-118 60
-119 60
-120 60
-121 60
-122 60
-123 60
-124 60
