> 615
165 3
165 4
165 5
165 6
165 7
164 7
163 7
162 7
162 8
161 8
160 8
160 9
159 9
159 10
159 11
159 12
159 13
159 14
159 15
159 16
159 17
160 17
161 17
162 17
163 17
164 17
165 17
166 17
167 17
168 17
169 17
170 17
171 17
172 17
173 17
174 17
175 17
176 17
177 17
178 17
179 17
180 17
180 16
180 15
180 14
180 13
180 12
180 11
180 10
180 9
180 8
180 7
180 6
180 5
179 5
178 5
177 5
176 5
175 5
174 5
173 5
172 5
171 5
171 4
171 3
170 3
169 3
168 3
167 3
166 3
165 3
> -Ph 615
167 10
167 11
167 12
167 13
166 13
165 13
164 13
163 13
162 13
161 13
161 12
161 11
161 10
162 10
163 10
164 10
165 10
166 10
167 10
