> 634
-166 76
-166 77
-167 77
-168 77
-169 77
-170 77
-171 77
-172 77
-173 77
-174 77
-175 77
-176 77
-177 77
-178 77
-179 77
-180 77
-181 77
-182 77
-183 77
-184 77
-185 77
-186 77
-187 77
-188 77
-189 77
-190 77
-191 77
-192 77
-193 77
-194 77
-195 77
-196 77
-197 77
-198 77
-199 77
-199 78
-199 79
-199 80
-200 80
-201 80
-202 80
-203 80
-204 80
-205 80
-205 81
-205 82
-205 83
-205 84
-204 84
-203 84
-202 84
-201 84
-200 84
-200 85
-199 85
-198 85
-197 85
-196 85
-195 85
-194 85
-193 85
-192 85
-191 85
-190 85
-190 86
-190 87
-189 87
-188 87
-187 87
-186 87
-185 87
-184 87
-183 87
-182 87
-181 87
-180 87
-180 88
-179 88
-178 88
-177 88
-176 88
-175 88
-174 88
-173 88
-172 88
-171 88
-170 88
-169 88
-168 88
-167 88
-166 88
-165 88
-164 88
-163 88
-162 88
-161 88
-160 88
-159 88
-158 88
-157 88
-156 88
-155 88
-154 88
-153 88
-152 88
-151 88
-150 88
-149 88
-148 88
-147 88
-146 88
-145 88
-144 88
-143 88
-142 88
-141 88
-140 88
-139 88
-138 88
-137 88
-136 88
-135 88
-134 88
-133 88
-132 88
-131 88
-130 88
-129 88
-128 88
-127 88
-126 88
-125 88
-124 88
-123 88
-122 88
-121 88
-120 88
-119 88
-118 88
-117 88
-116 88
-115 88
-114 88
-113 88
-112 88
-111 88
-110 88
-109 88
-108 88
-107 88
-106 88
-105 88
-104 88
-103 88
-102 88
-101 88
-100 88
-99 88
-98 88
-97 88
-96 88
-95 88
-94 88
-93 88
-92 88
-91 88
-90 88
-89 88
-88 88
-87 88
-86 88
-85 88
-84 88
-83 88
-82 88
-81 88
-80 88
-79 88
-78 88
-77 88
-76 88
-75 88
-75 87
-75 86
-74 86
-73 86
-72 86
-71 86
-70 86
-69 86
-68 86
-67 86
-66 86
-65 86
-64 86
-63 86
-62 86
-61 86
-60 86
-60 85
-60 84
-61 84
-62 84
-63 84
-64 84
-65 84
-66 84
-67 84
-68 84
-69 84
-70 84
-71 84
-72 84
-73 84
-74 84
-75 84
-76 84
-77 84
-78 84
-79 84
-80 84
-80 83
-81 83
-82 83
-83 83
-84 83
-85 83
-86 83
-87 83
-88 83
-89 83
-90 83
-90 82
-91 82
-92 82
-93 82
-94 82
-95 82
-95 81
-96 81
-97 81
-98 81
-99 81
-100 81
-100 80
-101 80
-102 80
-103 80
-104 80
-105 80
-106 80
-107 80
-108 80
-109 80
-110 80
-110 79
-111 79
-112 79
-113 79
-114 79
-115 79
-116 79
-117 79
-118 79
-119 79
-120 79
-120 78
-121 78
-122 78
-123 78
-124 78
-125 78
-125 77
-125 76
-126 76
-127 76
-128 76
-129 76
-130 76
-131 76
-132 76
-133 76
-134 76
-135 76
-136 76
-137 76
-138 76
-139 76
-140 76
-141 76
-142 76
-143 76
-144 76
-145 76
-146 76
-147 76
-148 76
-149 76
-150 76
-151 76
-152 76
-153 76
-154 76
-155 76
-156 76
-157 76
-158 76
-159 76
-160 76
-161 76
-162 76
-163 76
-164 76
-165 76
-166 76
