> 676
-166 62
-166 63
-165 63
-165 64
-166 64
-167 64
-167 65
-168 65
-168 66
-167 66
-167 67
-166 67
-166 68
-167 68
-167 69
-166 69
-165 69
-164 69
-164 70
-163 70
-163 71
-162 71
-161 71
-160 71
-159 71
-158 71
-158 72
-157 72
-156 72
-155 72
-154 72
-154 71
-153 71
-152 71
-151 71
-150 71
-149 71
-148 71
-147 71
-146 71
-145 71
-144 71
-143 71
-142 71
-141 71
-141 70
-141 69
-141 68
-141 67
-141 66
-141 65
-142 65
-143 65
-144 65
-145 65
-146 65
-147 65
-148 65
-149 65
-150 65
-151 65
-152 65
-153 65
-154 65
-155 65
-156 65
-157 65
-158 65
-159 65
-160 65
-161 65
-161 64
-161 63
-161 62
-162 62
-163 62
-164 62
-165 62
-166 62
