> 663
144 46
144 47
144 48
144 49
145 49
145 50
145 51
144 51
144 52
144 53
144 54
144 55
143 55
142 55
141 55
140 55
139 55
139 56
139 57
140 57
141 57
141 58
142 58
143 58
144 58
145 58
146 58
147 58
148 58
149 58
150 58
151 58
152 58
153 58
154 58
155 58
155 59
156 59
156 60
157 60
158 60
159 60
160 60
160 59
159 59
158 59
157 59
157 58
156 58
156 57
155 57
155 56
155 55
155 54
155 53
154 53
153 53
152 53
152 52
152 51
151 51
150 51
150 50
149 50
148 50
148 49
148 48
147 48
146 48
146 47
146 46
145 46
144 46
