> 657
130 42
130 43
130 44
130 45
130 46
131 46
132 46
133 46
133 47
132 47
131 47
130 47
130 48
129 48
129 49
128 49
127 49
126 49
126 50
126 51
126 52
125 52
125 53
124 53
123 53
122 53
121 53
121 52
121 51
120 51
120 50
120 49
119 49
118 49
117 49
117 50
118 50
118 51
119 51
119 52
119 53
119 54
120 54
121 54
122 54
123 54
124 54
125 54
126 54
127 54
127 53
127 52
128 52
128 51
128 50
129 50
130 50
131 50
131 49
132 49
133 49
134 49
135 49
135 48
135 47
135 46
134 46
134 45
134 44
133 44
132 44
132 43
132 42
131 42
130 42
