> 23
-123 49
-123 50
-124 50
-125 50
-125 51
-126 51
-127 51
-127 52
-128 52
-129 52
-129 53
-130 53
-130 54
-130 55
-130 56
-130 57
-131 57
-132 57
-132 58
-133 58
-133 59
-134 59
-134 60
-133 60
-132 60
-131 60
-130 60
-129 60
-128 60
-127 60
-126 60
-125 60
-124 60
-123 60
-122 60
-121 60
-120 60
-120 59
-120 58
-120 57
-120 56
-120 55
-120 54
-120 53
-119 53
-118 53
-118 52
-117 52
-117 51
-116 51
-115 51
-115 50
-114 50
-114 49
-115 49
-116 49
-117 49
-118 49
-119 49
-120 49
-121 49
-122 49
-123 49
