> 669
161 70
161 71
160 71
159 71
159 72
158 72
157 72
156 72
155 72
154 72
153 72
152 72
151 72
151 73
150 73
149 73
148 73
147 73
146 73
145 73
145 74
146 74
147 74
148 74
149 74
150 74
151 74
152 74
153 74
154 74
155 74
155 75
155 76
156 76
157 76
158 76
159 76
160 76
161 76
161 77
162 77
163 77
164 77
165 77
166 77
167 77
168 77
169 77
170 77
171 77
172 77
173 77
174 77
175 77
176 77
177 77
178 77
179 77
180 77
181 77
182 77
183 77
184 77
185 77
186 77
187 77
188 77
189 77
190 77
191 77
192 77
193 77
194 77
194 76
194 75
194 74
194 73
194 72
193 72
192 72
191 72
190 72
189 72
188 72
187 72
186 72
185 72
184 72
183 72
182 72
181 72
180 72
179 72
178 72
178 71
178 70
177 70
176 70
175 70
174 70
173 70
172 70
172 71
171 71
170 71
169 71
168 71
168 70
167 70
166 70
165 70
164 70
163 70
162 70
161 70
