> 594
141 -29
141 -28
141 -27
141 -26
140 -26
139 -26
138 -26
138 -25
138 -24
138 -23
138 -22
138 -21
138 -20
138 -19
138 -18
138 -17
138 -16
139 -16
140 -16
141 -16
141 -15
141 -14
141 -13
141 -12
141 -11
141 -10
142 -10
143 -10
144 -10
144 -11
144 -12
145 -12
145 -13
146 -13
146 -14
147 -14
147 -15
147 -16
147 -17
147 -18
148 -18
149 -18
149 -19
150 -19
150 -20
150 -21
151 -21
152 -21
152 -22
152 -23
153 -23
153 -24
154 -24
154 -25
153 -25
152 -25
151 -25
151 -26
152 -26
152 -27
152 -28
152 -29
151 -29
150 -29
149 -29
148 -29
147 -29
146 -29
145 -29
144 -29
143 -29
142 -29
141 -29
