> 686
-86 -45
-86 -44
-86 -43
-87 -43
-88 -43
-89 -43
-89 -42
-89 -41
-90 -41
-91 -41
-92 -41
-92 -40
-92 -39
-93 -39
-94 -39
-95 -39
-95 -38
-95 -37
-96 -37
-97 -37
-98 -37
-98 -36
-98 -35
-99 -35
-100 -35
-101 -35
-102 -35
-103 -35
-104 -35
-105 -35
-105 -34
-105 -33
-105 -32
-104 -32
-103 -32
-102 -32
-102 -31
-102 -30
-101 -30
-100 -30
-100 -31
-99 -31
-98 -31
-97 -31
-97 -32
-97 -33
-96 -33
-95 -33
-94 -33
-94 -34
-94 -35
-93 -35
-92 -35
-91 -35
-91 -36
-91 -37
-90 -37
-89 -37
-88 -37
-88 -38
-88 -39
-87 -39
-86 -39
-85 -39
-85 -40
-85 -41
-84 -41
-83 -41
-82 -41
-81 -41
-81 -42
-81 -43
-81 -44
-81 -45
-82 -45
-83 -45
-84 -45
-85 -45
-86 -45
