> 692
-141 -74
-141 -73
-141 -72
-141 -71
-141 -70
-142 -70
-143 -70
-144 -70
-145 -70
-146 -70
-147 -70
-148 -70
-149 -70
-150 -70
-151 -70
-152 -70
-153 -70
-154 -70
-155 -70
-156 -70
-157 -70
-158 -70
-159 -70
-160 -70
-161 -70
-162 -70
-162 -69
-162 -68
-162 -67
-161 -67
-160 -67
-159 -67
-159 -66
-159 -65
-158 -65
-157 -65
-156 -65
-155 -65
-154 -65
-153 -65
-152 -65
-151 -65
-150 -65
-150 -64
-149 -64
-149 -63
-149 -62
-148 -62
-148 -61
-148 -60
-147 -60
-146 -60
-145 -60
-144 -60
-143 -60
-142 -60
-141 -60
-140 -60
-139 -60
-138 -60
-137 -60
-136 -60
-135 -60
-134 -60
-133 -60
-132 -60
-131 -60
-130 -60
-129 -60
-128 -60
-127 -60
-126 -60
-125 -60
-124 -60
-123 -60
-122 -60
-121 -60
-120 -60
-119 -60
-118 -60
-117 -60
-117 -59
-117 -58
-117 -57
-116 -57
-115 -57
-114 -57
-113 -57
-113 -56
-113 -55
-112 -55
-111 -55
-110 -55
-109 -55
-108 -55
-107 -55
-106 -55
-105 -55
-105 -54
-105 -53
-105 -52
-105 -51
-105 -50
-105 -49
-105 -48
-105 -47
-105 -46
-105 -45
-105 -44
-105 -43
-105 -42
-105 -41
-105 -40
-105 -39
-105 -38
-105 -37
-104 -37
-103 -37
-102 -37
-101 -37
-100 -37
-100 -38
-100 -39
-99 -39
-98 -39
-97 -39
-96 -39
-95 -39
-95 -40
-95 -41
-94 -41
-94 -42
-94 -43
-93 -43
-92 -43
-91 -43
-90 -43
-89 -43
-88 -43
-87 -43
-86 -43
-86 -44
-86 -45
-85 -45
-84 -45
-83 -45
-83 -46
-83 -47
-83 -48
-83 -49
-83 -50
-83 -51
-83 -52
-83 -53
-83 -54
-83 -55
-83 -56
-82 -56
-81 -56
-80 -56
-79 -56
-78 -56
-77 -56
-76 -56
-75 -56
-74 -56
-73 -56
-73 -57
-73 -58
-73 -59
-73 -60
-73 -61
-73 -62
-72 -62
-71 -62
-70 -62
-69 -62
-68 -62
-67 -62
-66 -62
-65 -62
-65 -63
-65 -64
-65 -65
-66 -65
-67 -65
-67 -66
-68 -66
-69 -66
-70 -66
-70 -67
-70 -68
-71 -68
-72 -68
-73 -68
-74 -68
-75 -68
-76 -68
-76 -69
-76 -70
-76 -71
-76 -72
-76 -73
-77 -73
-78 -73
-79 -73
-80 -73
-81 -73
-82 -73
-83 -73
-84 -73
-85 -73
-86 -73
-87 -73
-88 -73
-89 -73
-90 -73
-91 -73
-92 -73
-93 -73
-94 -73
-95 -73
-95 -72
-96 -72
-97 -72
-98 -72
-99 -72
-100 -72
-101 -72
-102 -72
-103 -72
-103 -73
-103 -74
-104 -74
-105 -74
-106 -74
-107 -74
-108 -74
-109 -74
-110 -74
-111 -74
-112 -74
-113 -74
-114 -74
-115 -74
-116 -74
-117 -74
-118 -74
-119 -74
-120 -74
-120 -73
-121 -73
-122 -73
-123 -73
-124 -73
-125 -73
-126 -73
-127 -73
-128 -73
-129 -73
-129 -74
-130 -74
-131 -74
-132 -74
-133 -74
-134 -74
-135 -74
-136 -74
-137 -74
-138 -74
-139 -74
-140 -74
-141 -74
