> 2
-168 59
-168 60
-168 61
-167 61
-167 62
-166 62
-165 62
-164 62
-163 62
-162 62
-161 62
-160 62
-159 62
-158 62
-157 62
-156 62
-155 62
-154 62
-153 62
-152 62
-151 62
-150 62
-149 62
-148 62
-147 62
-146 62
-145 62
-144 62
-143 62
-142 62
-141 62
-141 61
-142 61
-142 60
-143 60
-144 60
-145 60
-146 60
-147 60
-148 60
-148 61
-149 61
-150 61
-151 61
-152 61
-152 60
-152 59
-153 59
-154 59
-155 59
-156 59
-157 59
-158 59
-159 59
-160 59
-161 59
-162 59
-163 59
-164 59
-165 59
-166 59
-167 59
-168 59
