> 334
100 42
100 43
99 43
98 43
97 43
96 43
96 44
95 44
95 45
94 45
93 45
92 45
91 45
91 46
91 47
91 48
90 48
89 48
88 48
88 49
89 49
90 49
91 49
91 50
92 50
93 50
94 50
94 49
95 49
96 49
97 49
98 49
99 49
99 50
99 51
100 51
101 51
102 51
102 50
103 50
104 50
105 50
106 50
107 50
107 49
108 49
109 49
110 49
111 49
112 49
113 49
114 49
115 49
116 49
116 48
117 48
118 48
119 48
119 47
118 47
117 47
117 46
116 46
115 46
115 45
114 45
113 45
112 45
112 44
112 43
111 43
111 42
110 42
109 42
108 42
107 42
106 42
105 42
104 42
103 42
102 42
101 42
100 42
