> 632
-170 -60
-170 -59
-170 -58
-170 -57
-170 -56
-170 -55
-170 -54
-170 -53
-170 -52
-170 -51
-170 -50
-170 -49
-170 -48
-170 -47
-170 -46
-170 -45
-170 -44
-170 -43
-170 -42
-171 -42
-172 -42
-173 -42
-174 -42
-174 -41
-174 -40
-174 -39
-174 -38
-174 -37
-174 -36
-174 -35
-173 -35
-172 -35
-171 -35
-170 -35
-170 -34
-170 -33
-170 -32
-170 -31
-170 -30
-170 -29
-170 -28
-170 -27
-170 -26
-170 -25
-170 -24
-169 -24
-168 -24
-167 -24
-166 -24
-165 -24
-164 -24
-163 -24
-162 -24
-161 -24
-160 -24
-159 -24
-158 -24
-157 -24
-156 -24
-156 -25
-156 -26
-155 -26
-154 -26
-153 -26
-152 -26
-151 -26
-150 -26
-149 -26
-148 -26
-147 -26
-146 -26
-145 -26
-144 -26
-143 -26
-142 -26
-141 -26
-140 -26
-139 -26
-138 -26
-137 -26
-136 -26
-135 -26
-134 -26
-133 -26
-133 -25
-133 -24
-133 -23
-133 -22
-133 -21
-133 -20
-133 -19
-133 -18
-133 -17
-133 -16
-133 -15
-133 -14
-133 -13
-134 -13
-134 -12
-134 -11
-134 -10
-134 -9
-134 -8
-134 -7
-134 -6
-134 -5
-135 -5
-136 -5
-137 -5
-138 -5
-139 -5
-140 -5
-141 -5
-142 -5
-143 -5
-144 -5
-144 -6
-144 -7
-144 -8
-144 -9
-144 -10
-144 -11
-144 -12
-144 -13
-145 -13
-146 -13
-147 -13
-148 -13
-148 -12
-148 -11
-148 -10
-148 -9
-148 -8
-148 -7
-149 -7
-150 -7
-151 -7
-152 -7
-153 -7
-153 -6
-153 -5
-153 -4
-153 -3
-153 -2
-153 -1
-153 0
-152 0
-151 0
-150 0
-149 0
-148 0
-147 0
-146 0
-145 0
-144 0
-143 0
-142 0
-141 0
-140 0
-139 0
-138 0
-137 0
-136 0
-135 0
-134 0
-133 0
-132 0
-131 0
-130 0
-129 0
-128 0
-127 0
-126 0
-125 0
-124 0
-123 0
-122 0
-121 0
-120 0
-120 -1
-120 -2
-120 -3
-120 -4
-120 -5
-120 -6
-120 -7
-120 -8
-120 -9
-120 -10
-120 -11
-120 -12
-120 -13
-120 -14
-120 -15
-120 -16
-120 -17
-121 -17
-122 -17
-123 -17
-124 -17
-124 -18
-124 -19
-124 -20
-124 -21
-124 -22
-124 -23
-124 -24
-124 -25
-124 -26
-124 -27
-124 -28
-124 -29
-123 -29
-122 -29
-121 -29
-120 -29
-120 -30
-120 -31
-119 -31
-119 -32
-119 -33
-118 -33
-118 -34
-118 -35
-117 -35
-117 -36
-117 -37
-117 -38
-117 -39
-117 -40
-117 -41
-117 -42
-117 -43
-117 -44
-117 -45
-117 -46
-117 -47
-117 -48
-117 -49
-117 -50
-118 -50
-119 -50
-120 -50
-121 -50
-122 -50
-123 -50
-124 -50
-125 -50
-125 -51
-125 -52
-126 -52
-127 -52
-128 -52
-129 -52
-130 -52
-131 -52
-132 -52
-133 -52
-134 -52
-135 -52
-136 -52
-137 -52
-138 -52
-139 -52
-140 -52
-141 -52
-142 -52
-143 -52
-144 -52
-145 -52
-146 -52
-147 -52
-147 -53
-147 -54
-148 -54
-149 -54
-150 -54
-151 -54
-152 -54
-153 -54
-154 -54
-154 -55
-154 -56
-155 -56
-156 -56
-157 -56
-157 -57
-157 -58
-158 -58
-159 -58
-160 -58
-160 -59
-160 -60
-161 -60
-162 -60
-163 -60
-164 -60
-165 -60
-166 -60
-167 -60
-168 -60
-169 -60
-170 -60
> 632
-168 -10
-168 -9
-168 -8
-168 -7
-168 -6
-168 -5
-168 -4
-168 -3
-168 -2
-168 -1
-168 0
-167 0
-166 0
-165 0
-165 -1
-165 -2
-165 -3
-165 -4
-165 -5
-165 -6
-165 -7
-165 -8
-165 -9
-165 -10
-166 -10
-167 -10
-168 -10
> 632
-178 -10
-178 -9
-178 -8
-178 -7
-179 -7
-180 -7
-180 -6
-180 -5
-180 -4
-180 -3
-180 -2
-180 -1
-180 0
-179 0
-178 0
-177 0
-176 0
-176 -1
-176 -2
-176 -3
-176 -4
-176 -5
-176 -6
-176 -7
-175 -7
-175 -8
-175 -9
-175 -10
-176 -10
-177 -10
-178 -10
> 632
-187 -10
-187 -9
-187 -8
-187 -7
-188 -7
-189 -7
-190 -7
-191 -7
-192 -7
-193 -7
-194 -7
-195 -7
-196 -7
-196 -6
-196 -5
-196 -4
-196 -3
-196 -2
-196 -1
-196 0
-195 0
-194 0
-193 0
-192 0
-191 0
-190 0
-189 0
-189 -1
-189 -2
-189 -3
-189 -4
-188 -4
-187 -4
-186 -4
-185 -4
-185 -5
-185 -6
-185 -7
-184 -7
-184 -8
-184 -9
-184 -10
-185 -10
-186 -10
-187 -10
