> 693
-120 -15
-120 -14
-120 -13
-120 -12
-120 -11
-120 -10
-120 -9
-120 -8
-120 -7
-120 -6
-120 -5
-120 -4
-120 -3
-120 -2
-120 -1
-120 0
-120 1
-120 2
-120 3
-120 4
-120 5
-120 6
-120 7
-120 8
-120 9
-120 10
-120 11
-120 12
-120 13
-120 14
-120 15
-120 16
-120 17
-120 18
-120 19
-120 20
-120 21
-120 22
-120 23
-120 24
-120 25
-119 25
-119 24
-118 24
-118 23
-117 23
-117 22
-116 22
-115 22
-115 21
-115 20
-115 19
-115 18
-115 17
-115 16
-115 15
-115 14
-114 14
-113 14
-113 13
-113 12
-112 12
-111 12
-110 12
-110 11
-110 10
-110 9
-109 9
-108 9
-107 9
-106 9
-106 8
-106 7
-106 6
-106 5
-106 4
-106 3
-106 2
-106 1
-106 0
-107 0
-107 -1
-107 -2
-108 -2
-109 -2
-109 -3
-109 -4
-110 -4
-111 -4
-111 -5
-111 -6
-112 -6
-113 -6
-113 -7
-113 -8
-113 -9
-114 -9
-115 -9
-115 -10
-115 -11
-116 -11
-117 -11
-117 -12
-117 -13
-118 -13
-119 -13
-119 -14
-119 -15
-120 -15
> 693
-100 3
-100 4
-100 5
-100 6
-100 7
-99 7
-98 7
-97 7
-97 8
-96 8
-96 9
-95 9
-95 10
-94 10
-93 10
-92 10
-92 9
-92 8
-91 8
-91 7
-90 7
-90 6
-90 5
-89 5
-89 4
-89 3
-90 3
-91 3
-92 3
-93 3
-94 3
-95 3
-96 3
-97 3
-98 3
-99 3
-100 3
