> 612
-165 15
-165 16
-165 17
-165 18
-166 18
-167 18
-168 18
-169 18
-170 18
-171 18
-172 18
-172 19
-172 20
-173 20
-174 20
-175 20
-175 21
-175 22
-176 22
-177 22
-178 22
-178 23
-178 24
-179 24
-180 24
-181 24
-182 24
-183 24
-183 25
-183 26
-183 27
-183 28
-183 29
-183 30
-183 31
-183 32
-182 32
-181 32
-180 32
-179 32
-178 32
-177 32
-176 32
-175 32
-174 32
-173 32
-172 32
-171 32
-170 32
-170 31
-169 31
-168 31
-167 31
-166 31
-165 31
-165 30
-165 29
-164 29
-163 29
-162 29
-161 29
-160 29
-160 28
-160 27
-159 27
-158 27
-157 27
-156 27
-155 27
-154 27
-153 27
-152 27
-151 27
-150 27
-150 26
-150 25
-150 24
-150 23
-150 22
-150 21
-150 20
-150 19
-150 18
-150 17
-150 16
-150 15
-151 15
-152 15
-153 15
-154 15
-155 15
-156 15
-157 15
-158 15
-159 15
-160 15
-161 15
-162 15
-163 15
-164 15
-165 15
> -Ph 612
-154 18
-154 19
-154 20
-154 21
-155 21
-155 22
-156 22
-157 22
-157 23
-158 23
-159 23
-160 23
-161 23
-161 22
-161 21
-160 21
-159 21
-159 20
-158 20
-157 20
-157 19
-157 18
-156 18
-155 18
-154 18
