> 675
-141 70
-141 71
-142 71
-143 71
-144 71
-145 71
-146 71
-147 71
-148 71
-149 71
-150 71
-151 71
-152 71
-153 71
-154 71
-154 72
-155 72
-156 72
-157 72
-158 72
-158 71
-159 71
-160 71
-161 71
-162 71
-163 71
-164 71
-165 71
-166 71
-166 72
-166 73
-166 74
-166 75
-166 76
-165 76
-164 76
-163 76
-162 76
-161 76
-160 76
-159 76
-158 76
-157 76
-156 76
-155 76
-154 76
-153 76
-152 76
-151 76
-150 76
-149 76
-148 76
-147 76
-146 76
-145 76
-144 76
-143 76
-142 76
-141 76
-140 76
-139 76
-138 76
-137 76
-136 76
-135 76
-134 76
-133 76
-132 76
-131 76
-130 76
-129 76
-128 76
-127 76
-126 76
-125 76
-125 75
-125 74
-126 74
-127 74
-127 73
-127 72
-127 71
-128 71
-129 71
-130 71
-130 70
-131 70
-132 70
-133 70
-134 70
-135 70
-136 70
-137 70
-138 70
-139 70
-140 70
-141 70
