> 605
151 -39
151 -38
151 -37
152 -37
152 -36
152 -35
153 -35
153 -34
153 -33
154 -33
154 -32
155 -32
155 -31
155 -30
155 -29
155 -28
155 -27
155 -26
155 -25
154 -25
154 -24
153 -24
153 -23
152 -23
152 -22
152 -21
151 -21
150 -21
150 -20
150 -19
149 -19
149 -18
150 -18
151 -18
152 -18
153 -18
154 -18
155 -18
156 -18
157 -18
158 -18
159 -18
159 -19
159 -20
159 -21
159 -22
160 -22
160 -23
161 -23
161 -24
162 -24
162 -25
162 -26
162 -27
163 -27
164 -27
165 -27
165 -28
165 -29
165 -30
165 -31
165 -32
165 -33
165 -34
165 -35
165 -36
165 -37
165 -38
165 -39
164 -39
163 -39
162 -39
161 -39
160 -39
159 -39
158 -39
157 -39
156 -39
155 -39
154 -39
153 -39
152 -39
151 -39
