> 637
-30 61
-30 62
-30 63
-30 64
-30 65
-30 66
-30 67
-30 68
-29 68
-28 68
-27 68
-26 68
-25 68
-25 69
-24 69
-23 69
-22 69
-21 69
-20 69
-19 69
-18 69
-17 69
-16 69
-15 69
-14 69
-13 69
-12 69
-11 69
-10 69
-10 68
-10 67
-10 66
-10 65
-10 64
-10 63
-10 62
-10 61
-11 61
-12 61
-13 61
-14 61
-15 61
-16 61
-17 61
-18 61
-19 61
-20 61
-21 61
-22 61
-23 61
-24 61
-25 61
-26 61
-27 61
-28 61
-29 61
-30 61
> -Ph 637
-18 63
-18 64
-17 64
-16 64
-15 64
-14 64
-14 65
-14 66
-15 66
-16 66
-17 66
-18 66
-19 66
-20 66
-21 66
-22 66
-23 66
-23 65
-23 64
-22 64
-21 64
-21 63
-20 63
-19 63
-18 63
