> 631
-145 -26
-145 -25
-145 -24
-145 -23
-145 -22
-145 -21
-145 -20
-146 -20
-147 -20
-147 -19
-147 -18
-147 -17
-148 -17
-149 -17
-149 -16
-149 -15
-149 -14
-149 -13
-148 -13
-147 -13
-146 -13
-145 -13
-144 -13
-143 -13
-142 -13
-141 -13
-140 -13
-139 -13
-138 -13
-137 -13
-136 -13
-135 -13
-134 -13
-133 -13
-133 -14
-133 -15
-133 -16
-133 -17
-133 -18
-133 -19
-133 -20
-133 -21
-133 -22
-133 -23
-133 -24
-133 -25
-133 -26
-134 -26
-135 -26
-136 -26
-137 -26
-138 -26
-139 -26
-140 -26
-141 -26
-142 -26
-143 -26
-144 -26
-145 -26
