> 156
-60 -71
-60 -70
-60 -69
-60 -68
-60 -67
-59 -67
-59 -66
-59 -65
-58 -65
-57 -65
-56 -65
-56 -64
-55 -64
-54 -64
-54 -63
-55 -63
-56 -63
-56 -62
-55 -62
-54 -62
-53 -62
-52 -62
-51 -62
-50 -62
-49 -62
-48 -62
-47 -62
-46 -62
-45 -62
-44 -62
-43 -62
-42 -62
-41 -62
-40 -62
-39 -62
-38 -62
-37 -62
-36 -62
-35 -62
-34 -62
-33 -62
-32 -62
-31 -62
-30 -62
-29 -62
-28 -62
-27 -62
-26 -62
-25 -62
-24 -62
-23 -62
-22 -62
-21 -62
-20 -62
-19 -62
-18 -62
-17 -62
-16 -62
-15 -62
-15 -61
-15 -60
-14 -60
-13 -60
-12 -60
-11 -60
-10 -60
-9 -60
-8 -60
-7 -60
-6 -60
-5 -60
-5 -61
-5 -62
-5 -63
-5 -64
-5 -65
-5 -66
-5 -67
-5 -68
-5 -69
-6 -69
-7 -69
-8 -69
-9 -69
-10 -69
-11 -69
-11 -70
-11 -71
-12 -71
-13 -71
-14 -71
-15 -71
-16 -71
-17 -71
-18 -71
-19 -71
-20 -71
-21 -71
-22 -71
-23 -71
-24 -71
-25 -71
-26 -71
-27 -71
-28 -71
-29 -71
-30 -71
-31 -71
-32 -71
-33 -71
-34 -71
-35 -71
-36 -71
-37 -71
-38 -71
-39 -71
-40 -71
-41 -71
-42 -71
-43 -71
-44 -71
-45 -71
-46 -71
-47 -71
-48 -71
-49 -71
-50 -71
-51 -71
-52 -71
-53 -71
-54 -71
-55 -71
-56 -71
-57 -71
-58 -71
-59 -71
-60 -71
> 156
-22 -58
-22 -57
-22 -56
-22 -55
-22 -54
-23 -54
-24 -54
-25 -54
-26 -54
-27 -54
-28 -54
-29 -54
-29 -53
-28 -53
-28 -52
-27 -52
-26 -52
-26 -51
-25 -51
-24 -51
-24 -50
-23 -50
-23 -49
-22 -49
-21 -49
-20 -49
-19 -49
-18 -49
-17 -49
-16 -49
-15 -49
-14 -49
-13 -49
-12 -49
-11 -49
-10 -49
-10 -50
-10 -51
-10 -52
-10 -53
-10 -54
-9 -54
-9 -55
-8 -55
-8 -56
-9 -56
-10 -56
-11 -56
-12 -56
-13 -56
-14 -56
-15 -56
-16 -56
-17 -56
-18 -56
-18 -57
-18 -58
-19 -58
-20 -58
-21 -58
-22 -58
