> 620
-157 -13
-157 -12
-157 -11
-157 -10
-157 -9
-157 -8
-157 -7
-158 -7
-159 -7
-160 -7
-161 -7
-162 -7
-163 -7
-164 -7
-165 -7
-165 -6
-165 -5
-165 -4
-165 -3
-165 -2
-165 -1
-165 0
-165 1
-165 2
-165 3
-165 4
-165 5
-165 6
-165 7
-165 8
-165 9
-165 10
-164 10
-163 10
-162 10
-161 10
-160 10
-159 10
-158 10
-157 10
-156 10
-155 10
-154 10
-153 10
-153 9
-153 8
-153 7
-153 6
-153 5
-153 4
-153 3
-153 2
-153 1
-153 0
-153 -1
-153 -2
-153 -3
-153 -4
-153 -5
-153 -6
-153 -7
-152 -7
-151 -7
-150 -7
-149 -7
-148 -7
-148 -8
-148 -9
-148 -10
-148 -11
-148 -12
-148 -13
-149 -13
-150 -13
-151 -13
-152 -13
-153 -13
-154 -13
-155 -13
-156 -13
-157 -13
> -Ph 620
-156 1
-156 2
-156 3
-156 4
-156 5
-157 5
-158 5
-159 5
-160 5
-161 5
-161 6
-161 7
-162 7
-163 7
-164 7
-164 6
-164 5
-163 5
-162 5
-161 5
-161 4
-161 3
-161 2
-161 1
-160 1
-159 1
-158 1
-157 1
-156 1
