> 682
-70 62
-70 63
-71 63
-71 64
-72 64
-73 64
-74 64
-75 64
-76 64
-77 64
-78 64
-79 64
-79 65
-79 66
-78 66
-77 66
-76 66
-75 66
-75 67
-74 67
-74 68
-75 68
-75 69
-76 69
-77 69
-78 69
-78 70
-79 70
-80 70
-81 70
-82 70
-83 70
-84 70
-85 70
-86 70
-87 70
-88 70
-89 70
-90 70
-90 71
-90 72
-90 73
-90 74
-89 74
-88 74
-87 74
-86 74
-85 74
-84 74
-83 74
-82 74
-81 74
-80 74
-79 74
-78 74
-77 74
-76 74
-76 73
-75 73
-74 73
-74 72
-73 72
-72 72
-71 72
-71 71
-70 71
-69 71
-68 71
-67 71
-67 70
-67 69
-66 69
-65 69
-65 68
-64 68
-63 68
-63 67
-62 67
-61 67
-61 66
-62 66
-62 65
-63 65
-64 65
-64 64
-64 63
-64 62
-65 62
-66 62
-67 62
-68 62
-69 62
-70 62
