> 691
-180 -70
-180 -69
-180 -68
-180 -67
-180 -66
-180 -65
-180 -64
-180 -63
-180 -62
-180 -61
-179 -61
-178 -61
-177 -61
-176 -61
-175 -61
-174 -61
-173 -61
-172 -61
-171 -61
-170 -61
-170 -60
-169 -60
-168 -60
-167 -60
-166 -60
-165 -60
-164 -60
-163 -60
-162 -60
-161 -60
-160 -60
-160 -59
-160 -58
-159 -58
-158 -58
-157 -58
-157 -57
-157 -56
-156 -56
-155 -56
-154 -56
-154 -55
-154 -54
-153 -54
-152 -54
-151 -54
-150 -54
-149 -54
-148 -54
-147 -54
-147 -53
-147 -52
-146 -52
-145 -52
-144 -52
-143 -52
-142 -52
-141 -52
-140 -52
-139 -52
-138 -52
-137 -52
-136 -52
-135 -52
-134 -52
-133 -52
-132 -52
-131 -52
-130 -52
-129 -52
-128 -52
-127 -52
-127 -53
-127 -54
-127 -55
-127 -56
-127 -57
-127 -58
-127 -59
-127 -60
-128 -60
-129 -60
-130 -60
-131 -60
-132 -60
-133 -60
-134 -60
-135 -60
-136 -60
-137 -60
-138 -60
-139 -60
-140 -60
-141 -60
-142 -60
-143 -60
-144 -60
-145 -60
-146 -60
-147 -60
-148 -60
-148 -61
-148 -62
-149 -62
-149 -63
-149 -64
-150 -64
-150 -65
-151 -65
-152 -65
-153 -65
-154 -65
-155 -65
-156 -65
-157 -65
-158 -65
-159 -65
-159 -66
-159 -67
-160 -67
-161 -67
-162 -67
-162 -68
-162 -69
-162 -70
-163 -70
-164 -70
-165 -70
-166 -70
-167 -70
-168 -70
-169 -70
-170 -70
-171 -70
-172 -70
-173 -70
-174 -70
-175 -70
-176 -70
-177 -70
-178 -70
-179 -70
-180 -70
