> 742
114 -54
114 -53
114 -52
114 -51
114 -50
114 -49
114 -48
114 -47
115 -47
116 -47
117 -47
118 -47
119 -47
120 -47
121 -47
122 -47
123 -47
124 -47
125 -47
126 -47
127 -47
128 -47
129 -47
130 -47
131 -47
132 -47
133 -47
134 -47
135 -47
136 -47
137 -47
138 -47
139 -47
140 -47
141 -47
142 -47
142 -48
142 -49
142 -50
142 -51
142 -52
141 -52
140 -52
139 -52
138 -52
137 -52
136 -52
135 -52
134 -52
133 -52
132 -52
131 -52
130 -52
129 -52
128 -52
127 -52
126 -52
125 -52
124 -52
123 -52
122 -52
121 -52
120 -52
120 -53
120 -54
119 -54
118 -54
117 -54
116 -54
115 -54
114 -54
