> 702
168 -71
168 -70
167 -70
166 -70
165 -70
164 -70
163 -70
162 -70
162 -69
161 -69
160 -69
159 -69
158 -69
157 -69
156 -69
156 -68
155 -68
154 -68
153 -68
152 -68
151 -68
150 -68
149 -68
148 -68
148 -67
148 -66
148 -65
148 -64
148 -63
148 -62
148 -61
149 -61
150 -61
151 -61
152 -61
153 -61
154 -61
155 -61
156 -61
157 -61
158 -61
159 -61
160 -61
161 -61
162 -61
163 -61
164 -61
165 -61
166 -61
167 -61
168 -61
169 -61
170 -61
171 -61
172 -61
173 -61
174 -61
175 -61
176 -61
177 -61
178 -61
179 -61
180 -61
180 -62
180 -63
180 -64
180 -65
180 -66
180 -67
180 -68
180 -69
180 -70
179 -70
178 -70
177 -70
176 -70
175 -70
174 -70
173 -70
172 -70
171 -70
171 -71
170 -71
169 -71
168 -71
