> 19
137 33
137 34
137 35
137 36
136 36
136 37
136 38
136 39
136 40
136 41
136 42
136 43
136 44
137 44
137 45
138 45
138 46
139 46
140 46
141 46
142 46
143 46
144 46
145 46
146 46
146 47
146 48
147 48
148 48
148 49
148 50
149 50
150 50
150 51
151 51
152 51
152 52
152 53
153 53
154 53
155 53
155 54
155 55
155 56
155 57
156 57
156 58
157 58
157 59
158 59
159 59
160 59
160 60
161 60
162 60
163 60
164 60
165 60
165 59
165 58
164 58
164 57
164 56
164 55
164 54
164 53
164 52
164 51
164 50
164 49
164 48
164 47
164 46
164 45
163 45
162 45
161 45
160 45
159 45
158 45
157 45
156 45
155 45
155 44
154 44
153 44
153 43
152 43
151 43
150 43
150 42
150 41
149 41
148 41
148 40
148 39
148 38
148 37
148 36
148 35
148 34
148 33
147 33
146 33
145 33
144 33
143 33
142 33
141 33
141 34
140 34
139 34
138 34
138 33
137 33
