> 26
83 6
83 7
83 8
82 8
82 9
82 10
81 10
80 10
80 9
79 9
79 8
78 8
77 8
76 8
76 9
76 10
75 10
75 11
75 12
74 12
74 13
73 13
73 14
73 15
73 16
73 17
72 17
72 18
72 19
72 20
71 20
70 20
70 21
69 21
69 22
68 22
68 23
69 23
69 24
70 24
71 24
71 25
71 26
71 27
72 27
72 28
73 28
73 29
74 29
74 30
75 30
75 31
75 32
75 33
75 34
75 35
75 36
76 36
77 36
78 36
79 36
80 36
81 36
81 35
82 35
82 36
83 36
84 36
85 36
86 36
87 36
88 36
89 36
90 36
90 35
90 34
90 33
91 33
92 33
93 33
94 33
95 33
96 33
96 32
97 32
97 33
98 33
99 33
100 33
101 33
102 33
102 34
103 34
103 33
104 33
105 33
106 33
107 33
108 33
108 32
109 32
110 32
110 31
109 31
109 30
109 29
109 28
108 28
108 29
107 29
106 29
106 28
105 28
105 27
104 27
104 26
104 25
105 25
105 24
106 24
106 23
105 23
105 22
104 22
103 22
102 22
102 23
101 23
100 23
100 24
99 24
99 25
99 26
99 27
99 28
99 29
98 29
98 28
97 28
96 28
95 28
95 27
95 26
94 26
94 25
93 25
93 24
93 23
93 22
92 22
92 21
92 20
93 20
93 19
93 18
94 18
94 17
94 16
94 15
93 15
92 15
91 15
90 15
90 14
90 13
90 12
90 11
90 10
90 9
90 8
90 7
90 6
89 6
88 6
87 6
86 6
85 6
84 6
83 6
