> 5
-106 7
-106 8
-106 9
-107 9
-108 9
-109 9
-110 9
-110 10
-110 11
-110 12
-111 12
-112 12
-113 12
-113 13
-113 14
-114 14
-115 14
-115 15
-115 16
-115 17
-115 18
-115 19
-115 20
-115 21
-115 22
-114 22
-113 22
-112 22
-111 22
-110 22
-109 22
-108 22
-108 21
-107 21
-106 21
-105 21
-105 20
-104 20
-104 19
-103 19
-103 20
-102 20
-101 20
-100 20
-100 19
-99 19
-99 18
-98 18
-97 18
-96 18
-95 18
-94 18
-93 18
-92 18
-91 18
-90 18
-89 18
-89 17
-89 16
-89 15
-89 14
-90 14
-90 13
-91 13
-92 13
-93 13
-93 12
-93 11
-93 10
-94 10
-95 10
-95 9
-96 9
-96 8
-97 8
-97 7
-98 7
-99 7
-100 7
-101 7
-102 7
-103 7
-104 7
-105 7
-106 7
