> 33
20 -69
20 -68
20 -67
20 -66
20 -65
20 -64
20 -63
20 -62
20 -61
20 -60
20 -59
20 -58
20 -57
20 -56
20 -55
20 -54
20 -53
20 -52
20 -51
20 -50
20 -49
20 -48
20 -47
20 -46
20 -45
20 -44
20 -43
20 -42
20 -41
21 -41
22 -41
23 -41
24 -41
25 -41
26 -41
27 -41
28 -41
29 -41
30 -41
31 -41
32 -41
33 -41
34 -41
35 -41
35 -40
35 -39
35 -38
35 -37
35 -36
35 -35
35 -34
35 -33
35 -32
35 -31
35 -30
35 -29
35 -28
35 -27
35 -26
36 -26
37 -26
38 -26
39 -26
40 -26
41 -26
42 -26
43 -26
44 -26
45 -26
46 -26
47 -26
48 -26
48 -25
48 -24
49 -24
49 -23
49 -22
49 -21
50 -21
50 -20
50 -19
50 -18
51 -18
51 -17
51 -16
51 -15
51 -14
51 -13
51 -12
51 -11
51 -10
51 -9
50 -9
49 -9
49 -8
49 -7
48 -7
47 -7
47 -6
47 -5
46 -5
45 -5
45 -4
45 -3
44 -3
43 -3
43 -2
43 -1
43 0
44 0
44 1
45 1
46 1
46 2
47 2
47 3
47 4
47 5
47 6
47 7
47 8
47 9
47 10
47 11
47 12
47 13
48 13
48 14
49 14
50 14
51 14
51 15
52 15
53 15
53 16
54 16
55 16
56 16
56 17
57 17
57 18
58 18
58 19
58 20
59 20
59 21
60 21
60 22
60 23
61 23
62 23
63 23
64 23
65 23
65 22
66 22
67 22
68 22
69 22
69 21
70 21
70 20
71 20
72 20
72 19
72 18
72 17
73 17
73 16
73 15
73 14
73 13
74 13
74 12
75 12
75 11
75 10
76 10
76 9
76 8
77 8
78 8
79 8
79 9
80 9
80 10
81 10
82 10
82 9
82 8
83 8
83 7
83 6
84 6
85 6
86 6
87 6
88 6
89 6
90 6
90 5
90 4
90 3
90 2
91 2
92 2
92 1
92 0
92 -1
92 -2
92 -3
92 -4
93 -4
94 -4
94 -5
94 -6
94 -7
95 -7
96 -7
96 -8
96 -9
96 -10
97 -10
98 -10
98 -11
98 -12
99 -12
100 -12
101 -12
102 -12
103 -12
104 -12
105 -12
105 -13
105 -14
105 -15
105 -16
105 -17
105 -18
105 -19
105 -20
105 -21
105 -22
105 -23
105 -24
105 -25
105 -26
105 -27
105 -28
105 -29
105 -30
105 -31
105 -32
105 -33
105 -34
105 -35
105 -36
105 -37
105 -38
105 -39
105 -40
105 -41
105 -42
106 -42
107 -42
108 -42
109 -42
110 -42
111 -42
112 -42
113 -42
114 -42
114 -41
114 -40
115 -40
116 -40
117 -40
118 -40
119 -40
120 -40
121 -40
122 -40
123 -40
124 -40
125 -40
126 -40
127 -40
128 -40
129 -40
130 -40
131 -40
132 -40
133 -40
134 -40
135 -40
136 -40
137 -40
138 -40
139 -40
140 -40
141 -40
142 -40
142 -41
142 -42
142 -43
142 -44
142 -45
142 -46
142 -47
142 -48
142 -49
142 -50
142 -51
142 -52
141 -52
140 -52
139 -52
138 -52
137 -52
136 -52
135 -52
135 -53
135 -54
135 -55
135 -56
135 -57
135 -58
135 -59
135 -60
135 -61
136 -61
137 -61
138 -61
139 -61
140 -61
141 -61
142 -61
143 -61
144 -61
145 -61
146 -61
147 -61
148 -61
148 -62
148 -63
148 -64
148 -65
148 -66
148 -67
147 -67
146 -67
145 -67
145 -66
144 -66
143 -66
142 -66
141 -66
140 -66
139 -66
138 -66
137 -66
136 -66
135 -66
134 -66
133 -66
132 -66
131 -66
130 -66
129 -66
128 -66
127 -66
126 -66
125 -66
124 -66
123 -66
122 -66
121 -66
120 -66
119 -66
118 -66
117 -66
116 -66
115 -66
114 -66
114 -65
113 -65
112 -65
111 -65
111 -66
110 -66
109 -66
108 -66
107 -66
106 -66
105 -66
105 -65
104 -65
103 -65
102 -65
101 -65
100 -65
99 -65
98 -65
97 -65
96 -65
95 -65
95 -66
94 -66
93 -66
92 -66
91 -66
90 -66
89 -66
88 -66
87 -66
86 -66
85 -66
84 -66
83 -66
82 -66
81 -66
81 -67
80 -67
79 -67
79 -68
78 -68
77 -68
76 -68
75 -68
74 -68
73 -68
72 -68
71 -68
71 -67
70 -67
69 -67
68 -67
67 -67
66 -67
65 -67
64 -67
63 -67
62 -67
61 -67
60 -67
59 -67
59 -66
58 -66
57 -66
56 -66
56 -65
55 -65
54 -65
53 -65
52 -65
51 -65
51 -66
50 -66
49 -66
48 -66
48 -67
47 -67
46 -67
45 -67
44 -67
44 -68
43 -68
42 -68
41 -68
40 -68
39 -68
39 -69
38 -69
37 -69
36 -69
36 -68
35 -68
34 -68
33 -68
33 -69
32 -69
31 -69
30 -69
29 -69
28 -69
27 -69
26 -69
25 -69
24 -69
23 -69
22 -69
21 -69
20 -69
