> 3
-113 31
-113 32
-114 32
-115 32
-116 32
-117 32
-118 32
-119 32
-120 32
-121 32
-122 32
-123 32
-124 32
-125 32
-125 33
-126 33
-127 33
-127 34
-127 35
-128 35
-129 35
-130 35
-130 36
-131 36
-132 36
-132 37
-132 38
-132 39
-132 40
-132 41
-132 42
-132 43
-132 44
-132 45
-132 46
-131 46
-130 46
-129 46
-128 46
-127 46
-126 46
-125 46
-124 46
-124 45
-123 45
-122 45
-121 45
-120 45
-119 45
-119 46
-118 46
-117 46
-117 47
-117 48
-117 49
-116 49
-116 48
-116 47
-115 47
-114 47
-114 46
-114 45
-114 44
-114 43
-114 42
-114 41
-114 40
-114 39
-114 38
-114 37
-113 37
-112 37
-112 36
-112 35
-112 34
-112 33
-112 32
-112 31
-113 31
