> 31
-22 25
-22 26
-22 27
-22 28
-22 29
-22 30
-22 31
-22 32
-22 33
-22 34
-21 34
-20 34
-20 35
-19 35
-18 35
-17 35
-16 35
-15 35
-14 35
-13 35
-12 35
-11 35
-10 35
-10 36
-10 37
-10 38
-10 39
-10 40
-10 41
-10 42
-10 43
-10 44
-9 44
-8 44
-7 44
-6 44
-5 44
-4 44
-3 44
-2 44
-1 44
0 44
0 43
1 43
2 43
3 43
3 44
4 44
5 44
6 44
7 44
8 44
9 44
10 44
11 44
12 44
13 44
13 45
14 45
14 46
14 47
15 47
16 47
17 47
17 46
18 46
19 46
20 46
21 46
21 45
22 45
22 44
23 44
23 43
22 43
22 42
23 42
23 41
22 41
21 41
21 40
21 39
20 39
20 38
21 38
21 37
21 36
22 36
23 36
23 35
23 34
24 34
25 34
25 33
25 32
25 31
25 30
24 30
23 30
22 30
21 30
20 30
19 30
18 30
17 30
16 30
15 30
14 30
13 30
12 30
11 30
10 30
10 29
10 28
9 28
8 28
7 28
6 28
5 28
4 28
3 28
2 28
1 28
0 28
-1 28
-2 28
-3 28
-4 28
-5 28
-6 28
-7 28
-8 28
-9 28
-10 28
-11 28
-12 28
-13 28
-14 28
-14 27
-15 27
-15 26
-16 26
-16 25
-17 25
-18 25
-19 25
-20 25
-21 25
-22 25
