> 2
-142 45
-142 46
-142 47
-142 48
-142 49
-142 50
-142 51
-142 52
-142 53
-142 54
-142 55
-142 56
-142 57
-142 58
-142 59
-142 60
-142 61
-141 61
-141 62
-141 63
-141 64
-141 65
-140 65
-139 65
-138 65
-137 65
-136 65
-135 65
-134 65
-133 65
-132 65
-131 65
-131 64
-130 64
-130 63
-129 63
-129 62
-128 62
-127 62
-127 61
-126 61
-125 61
-124 61
-124 60
-123 60
-122 60
-121 60
-120 60
-119 60
-118 60
-117 60
-116 60
-115 60
-114 60
-113 60
-112 60
-111 60
-110 60
-110 59
-110 58
-110 57
-110 56
-110 55
-110 54
-110 53
-110 52
-110 51
-110 50
-110 49
-111 49
-112 49
-113 49
-114 49
-115 49
-116 49
-117 49
-117 48
-117 47
-117 46
-118 46
-119 46
-119 45
-120 45
-121 45
-122 45
-123 45
-124 45
-124 46
-125 46
-126 46
-127 46
-128 46
-129 46
-130 46
-131 46
-132 46
-132 45
-133 45
-134 45
-135 45
-136 45
-137 45
-138 45
-139 45
-140 45
-141 45
-142 45
