> 35
-53 -34
-53 -33
-53 -32
-54 -32
-55 -32
-55 -31
-56 -31
-56 -30
-57 -30
-57 -29
-56 -29
-56 -28
-55 -28
-55 -27
-54 -27
-54 -26
-54 -25
-54 -24
-55 -24
-55 -23
-56 -23
-56 -22
-57 -22
-58 -22
-58 -21
-58 -20
-58 -19
-58 -18
-58 -17
-58 -16
-59 -16
-60 -16
-60 -15
-60 -14
-61 -14
-61 -13
-62 -13
-62 -12
-62 -11
-62 -10
-62 -9
-62 -8
-62 -7
-62 -6
-62 -5
-62 -4
-62 -3
-62 -2
-62 -1
-62 0
-62 1
-62 2
-62 3
-62 4
-61 4
-61 5
-61 6
-61 7
-61 8
-60 8
-60 9
-59 9
-58 9
-58 8
-57 8
-57 7
-56 7
-55 7
-54 7
-53 7
-52 7
-52 6
-51 6
-50 6
-50 5
-50 4
-50 3
-49 3
-49 2
-49 1
-49 0
-48 0
-47 0
-46 0
-45 0
-45 -1
-44 -1
-43 -1
-43 -2
-42 -2
-41 -2
-40 -2
-39 -2
-38 -2
-38 -3
-37 -3
-37 -4
-36 -4
-35 -4
-35 -5
-34 -5
-34 -6
-34 -7
-34 -8
-34 -9
-34 -10
-35 -10
-35 -11
-36 -11
-36 -12
-37 -12
-37 -13
-38 -13
-38 -14
-38 -15
-38 -16
-38 -17
-38 -18
-39 -18
-39 -19
-39 -20
-39 -21
-40 -21
-40 -22
-40 -23
-41 -23
-41 -24
-42 -24
-43 -24
-44 -24
-44 -25
-45 -25
-46 -25
-47 -25
-47 -26
-48 -26
-48 -27
-48 -28
-48 -29
-49 -29
-49 -30
-49 -31
-50 -31
-50 -32
-51 -32
-51 -33
-52 -33
-52 -34
-53 -34
