> seis_16
138 -12
138 -11
137 -11
136 -11
135 -11
134 -11
133 -11
132 -11
132 -10
132 -9
133 -9
133 -8
133 -7
133 -6
132 -6
132 -5
132 -4
131 -4
131 -3
131 -2
130 -2
130 -1
130 0
130 1
130 2
130 3
131 3
132 3
133 3
134 3
135 3
136 3
137 3
138 3
139 3
140 3
141 3
142 3
143 3
144 3
145 3
145 2
145 1
145 0
146 0
147 0
148 0
149 0
149 -1
149 -2
149 -3
150 -3
150 -4
150 -5
149 -5
148 -5
148 -6
148 -7
149 -7
149 -8
150 -8
151 -8
151 -9
151 -10
151 -11
150 -11
149 -11
148 -11
147 -11
147 -10
146 -10
146 -9
145 -9
144 -9
144 -10
143 -10
142 -10
141 -10
141 -11
141 -12
140 -12
139 -12
138 -12
