> 1
-196 45
-196 46
-196 47
-196 48
-196 49
-196 50
-196 51
-196 52
-196 53
-196 54
-196 55
-196 56
-196 57
-196 58
-195 58
-195 59
-194 59
-193 59
-192 59
-191 59
-190 59
-189 59
-189 60
-188 60
-187 60
-187 61
-186 61
-185 61
-184 61
-184 62
-183 62
-182 62
-181 62
-180 62
-180 63
-180 64
-179 64
-178 64
-177 64
-176 64
-175 64
-174 64
-173 64
-172 64
-172 63
-171 63
-170 63
-170 62
-169 62
-169 63
-168 63
-167 63
-166 63
-166 62
-165 62
-164 62
-163 62
-162 62
-161 62
-161 63
-161 64
-161 65
-160 65
-159 65
-158 65
-157 65
-156 65
-155 65
-154 65
-153 65
-152 65
-151 65
-150 65
-149 65
-148 65
-147 65
-146 65
-145 65
-144 65
-143 65
-142 65
-141 65
-141 64
-141 63
-141 62
-141 61
-142 61
-142 60
-142 59
-142 58
-142 57
-142 56
-142 55
-142 54
-142 53
-142 52
-142 51
-142 50
-142 49
-142 48
-142 47
-142 46
-142 45
-143 45
-144 45
-145 45
-146 45
-147 45
-148 45
-149 45
-150 45
-151 45
-152 45
-153 45
-154 45
-155 45
-156 45
-157 45
-158 45
-159 45
-160 45
-161 45
-162 45
-163 45
-164 45
-165 45
-166 45
-167 45
-168 45
-169 45
-170 45
-171 45
-172 45
-173 45
-174 45
-175 45
-176 45
-177 45
-178 45
-179 45
-180 45
-181 45
-182 45
-183 45
-184 45
-185 45
-186 45
-187 45
-188 45
-189 45
-190 45
-191 45
-192 45
-193 45
-194 45
-195 45
-196 45
