> 36
0 43
0 44
-1 44
-2 44
-3 44
-4 44
-5 44
-5 45
-5 46
-5 47
-5 48
-5 49
-4 49
-3 49
-3 50
-4 50
-5 50
-6 50
-6 51
-7 51
-8 51
-9 51
-10 51
-11 51
-11 52
-11 53
-11 54
-11 55
-10 55
-9 55
-9 56
-8 56
-8 57
-8 58
-8 59
-7 59
-6 59
-5 59
-4 59
-4 60
-4 61
-3 61
-2 61
-1 61
0 61
1 61
2 61
3 61
4 61
4 62
5 62
5 63
6 63
7 63
7 64
8 64
9 64
10 64
11 64
12 64
13 64
14 64
14 65
14 66
15 66
16 66
16 67
17 67
17 68
18 68
19 68
20 68
20 69
21 69
22 69
22 68
23 68
24 68
24 67
24 66
24 65
23 65
23 64
22 64
21 64
21 63
20 63
20 62
19 62
19 61
19 60
20 60
21 60
21 59
21 58
21 57
21 56
21 55
20 55
20 54
21 54
22 54
23 54
24 54
24 53
24 52
24 51
24 50
23 50
23 49
22 49
22 48
22 47
21 47
21 46
20 46
19 46
18 46
17 46
17 47
16 47
15 47
14 47
14 46
14 45
13 45
13 44
12 44
11 44
10 44
9 44
8 44
7 44
6 44
5 44
4 44
3 44
3 43
2 43
1 43
0 43
