> 38
142 -46
142 -45
142 -44
142 -43
142 -42
142 -41
142 -40
141 -40
140 -40
139 -40
138 -40
137 -40
136 -40
135 -40
134 -40
133 -40
132 -40
131 -40
130 -40
129 -40
128 -40
127 -40
126 -40
125 -40
124 -40
123 -40
122 -40
121 -40
120 -40
119 -40
118 -40
117 -40
116 -40
115 -40
114 -40
114 -41
114 -42
113 -42
112 -42
111 -42
110 -42
109 -42
108 -42
107 -42
106 -42
105 -42
105 -41
105 -40
105 -39
105 -38
105 -37
105 -36
105 -35
105 -34
105 -33
105 -32
105 -31
105 -30
105 -29
105 -28
105 -27
105 -26
105 -25
105 -24
105 -23
105 -22
105 -21
105 -20
105 -19
105 -18
105 -17
105 -16
105 -15
105 -14
105 -13
105 -12
106 -12
107 -12
108 -12
109 -12
110 -12
111 -12
112 -12
113 -12
114 -12
115 -12
116 -12
116 -13
117 -13
118 -13
119 -13
120 -13
121 -13
122 -13
123 -13
124 -13
125 -13
126 -13
127 -13
128 -13
129 -13
129 -12
130 -12
130 -11
131 -11
132 -11
133 -11
134 -11
135 -11
136 -11
137 -11
138 -11
138 -12
139 -12
140 -12
141 -12
141 -11
141 -10
142 -10
143 -10
144 -10
144 -9
145 -9
146 -9
146 -10
147 -10
147 -11
148 -11
149 -11
150 -11
151 -11
151 -12
151 -13
151 -14
152 -14
153 -14
154 -14
155 -14
156 -14
156 -15
157 -15
158 -15
159 -15
160 -15
161 -15
162 -15
162 -16
162 -17
162 -18
162 -19
162 -20
162 -21
163 -21
163 -22
164 -22
164 -23
165 -23
165 -24
166 -24
167 -24
168 -24
169 -24
169 -25
169 -26
170 -26
171 -26
172 -26
173 -26
173 -27
173 -28
173 -29
173 -30
173 -31
173 -32
173 -33
173 -34
173 -35
172 -35
172 -36
172 -37
172 -38
172 -39
172 -40
171 -40
170 -40
169 -40
168 -40
167 -40
166 -40
165 -40
165 -41
164 -41
163 -41
162 -41
161 -41
160 -41
160 -42
160 -43
160 -44
160 -45
160 -46
159 -46
158 -46
157 -46
156 -46
155 -46
154 -46
153 -46
152 -46
151 -46
150 -46
149 -46
148 -46
147 -46
146 -46
145 -46
144 -46
143 -46
142 -46
