> 30
44 29
44 30
43 30
42 30
41 30
40 30
39 30
38 30
37 30
36 30
35 30
34 30
34 31
34 32
33 32
32 32
31 32
30 32
29 32
28 32
27 32
26 32
25 32
25 33
25 34
24 34
23 34
23 35
23 36
22 36
21 36
21 37
21 38
20 38
20 39
21 39
21 40
21 41
22 41
23 41
23 42
22 42
22 43
23 43
23 44
22 44
22 45
21 45
21 46
21 47
22 47
22 48
22 49
23 49
23 50
24 50
25 50
26 50
27 50
28 50
29 50
30 50
31 50
32 50
33 50
34 50
35 50
36 50
37 50
38 50
39 50
40 50
41 50
42 50
43 50
44 50
45 50
46 50
47 50
47 49
47 48
48 48
48 47
49 47
49 46
48 46
48 45
48 44
47 44
46 44
45 44
45 43
45 42
45 41
45 40
44 40
44 39
44 38
44 37
44 36
45 36
45 35
45 34
45 33
46 33
46 32
47 32
47 31
47 30
47 29
46 29
45 29
44 29
