> 39
-170 -60
-170 -59
-170 -58
-170 -57
-170 -56
-170 -55
-170 -54
-170 -53
-170 -52
-170 -51
-170 -50
-170 -49
-170 -48
-170 -47
-170 -46
-170 -45
-170 -44
-170 -43
-170 -42
-171 -42
-172 -42
-173 -42
-174 -42
-174 -41
-174 -40
-174 -39
-174 -38
-174 -37
-174 -36
-174 -35
-173 -35
-172 -35
-171 -35
-170 -35
-170 -34
-170 -33
-170 -32
-170 -31
-170 -30
-170 -29
-170 -28
-170 -27
-170 -26
-170 -25
-170 -24
-169 -24
-168 -24
-167 -24
-166 -24
-166 -23
-166 -22
-166 -21
-166 -20
-166 -19
-166 -18
-166 -17
-165 -17
-165 -16
-165 -15
-165 -14
-165 -13
-165 -12
-165 -11
-165 -10
-166 -10
-167 -10
-168 -10
-169 -10
-170 -10
-171 -10
-172 -10
-173 -10
-174 -10
-175 -10
-176 -10
-177 -10
-178 -10
-179 -10
-180 -10
-181 -10
-182 -10
-183 -10
-184 -10
-185 -10
-186 -10
-187 -10
-187 -9
-187 -8
-187 -7
-188 -7
-189 -7
-190 -7
-191 -7
-192 -7
-193 -7
-194 -7
-195 -7
-196 -7
-196 -6
-196 -5
-196 -4
-196 -3
-196 -2
-196 -1
-196 0
-197 0
-198 0
-199 0
-200 0
-201 0
-202 0
-203 0
-204 0
-205 0
-206 0
-207 0
-208 0
-209 0
-210 0
-211 0
-212 0
-213 0
-214 0
-215 0
-215 1
-215 2
-215 3
-216 3
-217 3
-218 3
-218 4
-218 5
-218 6
-218 7
-218 8
-218 9
-218 10
-217 10
-216 10
-215 10
-214 10
-214 11
-213 11
-212 11
-212 12
-211 12
-210 12
-210 13
-210 14
-210 15
-210 16
-210 17
-210 18
-210 19
-210 20
-210 21
-210 22
-211 22
-212 22
-213 22
-214 22
-215 22
-215 23
-215 24
-215 25
-215 26
-215 27
-215 28
-215 29
-216 29
-216 30
-216 31
-216 32
-216 33
-215 33
-214 33
-213 33
-212 33
-212 34
-212 35
-212 36
-212 37
-212 38
-212 39
-212 40
-212 41
-211 41
-210 41
-210 42
-210 43
-209 43
-208 43
-207 43
-207 44
-206 44
-205 44
-205 45
-204 45
-203 45
-202 45
-201 45
-200 45
-199 45
-198 45
-197 45
-196 45
-195 45
-194 45
-193 45
-192 45
-191 45
-190 45
-189 45
-188 45
-187 45
-186 45
-185 45
-184 45
-183 45
-182 45
-181 45
-180 45
-179 45
-178 45
-177 45
-176 45
-175 45
-174 45
-173 45
-172 45
-171 45
-170 45
-169 45
-168 45
-167 45
-166 45
-165 45
-164 45
-163 45
-162 45
-161 45
-160 45
-159 45
-158 45
-157 45
-156 45
-155 45
-154 45
-153 45
-152 45
-151 45
-150 45
-149 45
-148 45
-147 45
-146 45
-145 45
-144 45
-143 45
-142 45
-141 45
-140 45
-139 45
-138 45
-137 45
-136 45
-135 45
-134 45
-133 45
-132 45
-132 44
-132 43
-132 42
-132 41
-132 40
-132 39
-132 38
-132 37
-132 36
-131 36
-130 36
-130 35
-129 35
-128 35
-127 35
-127 34
-127 33
-126 33
-125 33
-125 32
-124 32
-123 32
-122 32
-122 31
-122 30
-122 29
-121 29
-121 28
-121 27
-120 27
-120 26
-120 25
-120 24
-120 23
-120 22
-120 21
-120 20
-120 19
-120 18
-120 17
-120 16
-120 15
-120 14
-120 13
-120 12
-120 11
-120 10
-120 9
-120 8
-120 7
-120 6
-120 5
-120 4
-120 3
-120 2
-120 1
-120 0
-120 -1
-120 -2
-120 -3
-120 -4
-120 -5
-120 -6
-120 -7
-120 -8
-120 -9
-120 -10
-120 -11
-120 -12
-120 -13
-120 -14
-120 -15
-120 -16
-120 -17
-121 -17
-122 -17
-123 -17
-124 -17
-124 -18
-124 -19
-124 -20
-124 -21
-124 -22
-124 -23
-124 -24
-124 -25
-124 -26
-124 -27
-124 -28
-124 -29
-123 -29
-122 -29
-121 -29
-120 -29
-120 -30
-120 -31
-119 -31
-119 -32
-119 -33
-118 -33
-118 -34
-118 -35
-117 -35
-117 -36
-117 -37
-117 -38
-117 -39
-117 -40
-117 -41
-117 -42
-117 -43
-117 -44
-117 -45
-117 -46
-117 -47
-117 -48
-117 -49
-117 -50
-118 -50
-119 -50
-120 -50
-121 -50
-122 -50
-123 -50
-124 -50
-125 -50
-125 -51
-125 -52
-126 -52
-127 -52
-128 -52
-129 -52
-130 -52
-131 -52
-132 -52
-133 -52
-134 -52
-135 -52
-136 -52
-137 -52
-138 -52
-139 -52
-140 -52
-141 -52
-142 -52
-143 -52
-144 -52
-145 -52
-146 -52
-147 -52
-147 -53
-147 -54
-148 -54
-149 -54
-150 -54
-151 -54
-152 -54
-153 -54
-154 -54
-154 -55
-154 -56
-155 -56
-156 -56
-157 -56
-157 -57
-157 -58
-158 -58
-159 -58
-160 -58
-160 -59
-160 -60
-161 -60
-162 -60
-163 -60
-164 -60
-165 -60
-166 -60
-167 -60
-168 -60
-169 -60
-170 -60
