> 37
15 -41
15 -40
15 -39
15 -38
15 -37
15 -36
15 -35
15 -34
15 -33
15 -32
15 -31
15 -30
15 -29
15 -28
15 -27
14 -27
14 -26
14 -25
14 -24
14 -23
14 -22
13 -22
13 -21
13 -20
12 -20
12 -19
11 -19
11 -18
11 -17
11 -16
11 -15
12 -15
12 -14
12 -13
12 -12
13 -12
13 -11
13 -10
12 -10
12 -9
12 -8
12 -7
12 -6
12 -5
11 -5
11 -4
10 -4
10 -3
9 -3
9 -2
9 -1
9 0
8 0
7 0
6 0
5 0
4 0
3 0
2 0
1 0
0 0
-1 0
-2 0
-3 0
-4 0
-5 0
-6 0
-7 0
-8 0
-9 0
-9 1
-9 2
-10 2
-11 2
-12 2
-13 2
-14 2
-15 2
-16 2
-17 2
-18 2
-18 3
-18 4
-18 5
-18 6
-18 7
-18 8
-18 9
-18 10
-18 11
-18 12
-18 13
-18 14
-18 15
-18 16
-18 17
-18 18
-18 19
-18 20
-18 21
-18 22
-18 23
-18 24
-18 25
-17 25
-16 25
-16 26
-15 26
-15 27
-14 27
-14 28
-13 28
-12 28
-11 28
-10 28
-9 28
-8 28
-7 28
-6 28
-5 28
-4 28
-3 28
-2 28
-1 28
0 28
1 28
2 28
3 28
4 28
5 28
6 28
7 28
8 28
9 28
10 28
10 29
10 30
11 30
12 30
13 30
14 30
15 30
16 30
17 30
18 30
19 30
20 30
21 30
22 30
23 30
24 30
25 30
25 31
25 32
26 32
27 32
28 32
29 32
30 32
31 32
32 32
33 32
34 32
34 31
34 30
35 30
36 30
37 30
38 30
39 30
40 30
41 30
42 30
43 30
44 30
44 29
44 28
44 27
44 26
44 25
45 25
45 24
45 23
45 22
45 21
45 20
46 20
47 20
48 20
48 19
48 18
48 17
48 16
48 15
48 14
48 13
47 13
47 12
47 11
47 10
47 9
47 8
47 7
47 6
47 5
47 4
47 3
47 2
46 2
46 1
45 1
44 1
44 0
43 0
43 -1
43 -2
43 -3
44 -3
45 -3
45 -4
45 -5
46 -5
47 -5
47 -6
47 -7
48 -7
49 -7
49 -8
49 -9
50 -9
51 -9
51 -10
51 -11
51 -12
51 -13
51 -14
51 -15
51 -16
51 -17
51 -18
50 -18
50 -19
50 -20
50 -21
49 -21
49 -22
49 -23
49 -24
48 -24
48 -25
48 -26
47 -26
46 -26
45 -26
44 -26
43 -26
42 -26
41 -26
40 -26
39 -26
38 -26
37 -26
36 -26
35 -26
35 -27
35 -28
35 -29
35 -30
35 -31
35 -32
35 -33
35 -34
35 -35
35 -36
35 -37
35 -38
35 -39
35 -40
35 -41
34 -41
33 -41
32 -41
31 -41
30 -41
29 -41
28 -41
27 -41
26 -41
25 -41
24 -41
23 -41
22 -41
21 -41
20 -41
19 -41
18 -41
17 -41
16 -41
15 -41
