> 9
-83 -56
-83 -55
-83 -54
-83 -53
-83 -52
-83 -51
-83 -50
-83 -49
-83 -48
-83 -47
-83 -46
-83 -45
-82 -45
-81 -45
-81 -44
-81 -43
-81 -42
-81 -41
-81 -40
-80 -40
-79 -40
-78 -40
-77 -40
-76 -40
-75 -40
-74 -40
-74 -41
-73 -41
-72 -41
-72 -40
-72 -39
-72 -38
-72 -37
-71 -37
-70 -37
-69 -37
-68 -37
-68 -36
-67 -36
-66 -36
-65 -36
-65 -35
-64 -35
-63 -35
-63 -34
-62 -34
-62 -35
-62 -36
-62 -37
-62 -38
-62 -39
-62 -40
-62 -41
-62 -42
-63 -42
-63 -43
-64 -43
-64 -44
-64 -45
-65 -45
-66 -45
-66 -46
-66 -47
-66 -48
-66 -49
-67 -49
-67 -50
-67 -51
-68 -51
-68 -52
-69 -52
-70 -52
-71 -52
-71 -53
-71 -54
-71 -55
-72 -55
-72 -56
-73 -56
-74 -56
-75 -56
-76 -56
-77 -56
-78 -56
-79 -56
-80 -56
-81 -56
-82 -56
-83 -56
