> 28
75 42
75 43
75 44
75 45
75 46
75 47
75 48
75 49
75 50
75 51
75 52
75 53
75 54
74 54
73 54
72 54
71 54
71 55
70 55
69 55
68 55
67 55
66 55
65 55
65 54
64 54
63 54
63 55
63 56
63 57
63 58
63 59
63 60
64 60
65 60
66 60
67 60
68 60
69 60
70 60
71 60
72 60
73 60
74 60
75 60
76 60
77 60
78 60
79 60
80 60
81 60
82 60
83 60
84 60
85 60
86 60
87 60
88 60
89 60
90 60
91 60
92 60
93 60
94 60
95 60
96 60
97 60
98 60
99 60
100 60
101 60
102 60
103 60
104 60
105 60
106 60
107 60
108 60
109 60
110 60
111 60
112 60
113 60
114 60
115 60
116 60
117 60
118 60
119 60
120 60
120 59
120 58
120 57
120 56
120 55
120 54
119 54
119 53
119 52
119 51
118 51
118 50
117 50
117 49
116 49
116 48
117 48
118 48
119 48
119 47
118 47
117 47
117 46
116 46
115 46
115 45
114 45
113 45
112 45
112 44
112 43
111 43
111 42
110 42
109 42
108 42
107 42
106 42
105 42
104 42
103 42
102 42
101 42
100 42
100 43
99 43
98 43
97 43
96 43
96 42
95 42
94 42
93 42
92 42
91 42
90 42
89 42
88 42
87 42
86 42
85 42
84 42
83 42
82 42
81 42
81 43
80 43
80 42
79 42
78 42
77 42
76 42
75 42
