> 11
155 -61
155 -60
155 -59
155 -58
155 -57
155 -56
155 -55
155 -54
155 -53
155 -52
154 -52
153 -52
152 -52
151 -52
150 -52
150 -51
150 -50
150 -49
150 -48
150 -47
150 -46
151 -46
152 -46
153 -46
154 -46
155 -46
156 -46
157 -46
158 -46
159 -46
160 -46
160 -45
160 -44
160 -43
160 -42
160 -41
161 -41
162 -41
163 -41
164 -41
165 -41
165 -40
166 -40
167 -40
168 -40
169 -40
170 -40
171 -40
172 -40
172 -39
172 -38
172 -37
172 -36
172 -35
173 -35
173 -34
174 -34
175 -34
176 -34
176 -35
177 -35
178 -35
179 -35
180 -35
180 -36
180 -37
180 -38
180 -39
180 -40
180 -41
180 -42
180 -43
180 -44
180 -45
180 -46
180 -47
180 -48
180 -49
180 -50
180 -51
180 -52
180 -53
180 -54
180 -55
180 -56
180 -57
180 -58
180 -59
180 -60
180 -61
179 -61
178 -61
177 -61
176 -61
175 -61
174 -61
173 -61
172 -61
171 -61
170 -61
169 -61
168 -61
167 -61
166 -61
165 -61
164 -61
163 -61
162 -61
161 -61
160 -61
159 -61
158 -61
157 -61
156 -61
155 -61
