> 12
-184 -35
-184 -34
-185 -34
-186 -34
-187 -34
-187 -33
-187 -32
-187 -31
-187 -30
-187 -29
-187 -28
-187 -27
-186 -27
-185 -27
-185 -26
-185 -25
-185 -24
-185 -23
-185 -22
-185 -21
-185 -20
-185 -19
-184 -19
-183 -19
-182 -19
-181 -19
-180 -19
-180 -20
-180 -21
-180 -22
-179 -22
-178 -22
-177 -22
-176 -22
-176 -21
-176 -20
-176 -19
-176 -18
-176 -17
-176 -16
-176 -15
-176 -14
-176 -13
-176 -12
-176 -11
-176 -10
-175 -10
-174 -10
-173 -10
-172 -10
-171 -10
-170 -10
-169 -10
-168 -10
-167 -10
-166 -10
-165 -10
-165 -11
-165 -12
-165 -13
-165 -14
-165 -15
-165 -16
-165 -17
-166 -17
-166 -18
-166 -19
-166 -20
-166 -21
-166 -22
-166 -23
-166 -24
-167 -24
-168 -24
-169 -24
-170 -24
-170 -25
-170 -26
-170 -27
-170 -28
-170 -29
-170 -30
-170 -31
-170 -32
-170 -33
-170 -34
-170 -35
-171 -35
-172 -35
-173 -35
-174 -35
-175 -35
-176 -35
-177 -35
-178 -35
-179 -35
-180 -35
-181 -35
-182 -35
-183 -35
-184 -35
