> 41
108 20
108 21
108 22
107 22
107 23
106 23
106 24
105 24
105 25
104 25
104 26
104 27
105 27
105 28
106 28
106 29
107 29
108 29
108 28
109 28
109 29
109 30
109 31
110 31
110 32
109 32
108 32
108 33
107 33
106 33
106 34
107 34
107 35
108 35
109 35
109 36
109 37
110 37
111 37
111 38
111 39
111 40
111 41
111 42
111 43
112 43
112 44
112 45
113 45
114 45
115 45
115 46
116 46
117 46
117 47
118 47
119 47
119 48
118 48
117 48
116 48
116 49
117 49
117 50
118 50
118 51
119 51
119 52
119 53
119 54
120 54
120 55
120 56
120 57
120 58
120 59
120 60
121 60
122 60
123 60
124 60
125 60
126 60
127 60
128 60
129 60
130 60
131 60
132 60
133 60
134 60
135 60
136 60
137 60
138 60
139 60
140 60
141 60
142 60
142 59
142 58
143 58
144 58
145 58
146 58
147 58
148 58
149 58
150 58
151 58
152 58
153 58
154 58
155 58
155 59
156 59
156 60
157 60
158 60
159 60
160 60
160 59
159 59
158 59
157 59
157 58
156 58
156 57
155 57
155 56
155 55
155 54
155 53
154 53
153 53
152 53
152 52
152 51
151 51
150 51
150 50
149 50
148 50
148 49
148 48
147 48
146 48
146 47
146 46
145 46
144 46
143 46
142 46
141 46
140 46
139 46
138 46
138 45
137 45
137 44
136 44
136 43
136 42
136 41
136 40
136 39
136 38
136 37
136 36
135 36
134 36
133 36
132 36
132 35
131 35
130 35
130 36
130 37
130 38
129 38
128 38
127 38
126 38
125 38
124 38
124 37
125 37
125 36
125 35
125 34
125 33
126 33
126 32
126 31
126 30
126 29
126 28
125 28
124 28
123 28
122 28
121 28
120 28
119 28
118 28
118 27
117 27
117 26
116 26
116 25
115 25
114 25
114 24
113 24
112 24
112 23
112 22
112 21
112 20
111 20
110 20
109 20
108 20
