> 27
96 32
96 33
95 33
94 33
93 33
92 33
91 33
90 33
90 34
90 35
90 36
89 36
88 36
87 36
86 36
85 36
84 36
83 36
82 36
82 35
81 35
81 36
80 36
79 36
78 36
77 36
76 36
75 36
75 37
76 37
76 38
75 38
75 39
74 39
74 40
74 41
75 41
76 41
76 42
77 42
78 42
79 42
80 42
80 43
81 43
81 42
82 42
83 42
84 42
85 42
86 42
87 42
88 42
89 42
90 42
91 42
92 42
93 42
94 42
95 42
96 42
96 43
97 43
98 43
99 43
100 43
100 42
101 42
102 42
103 42
104 42
105 42
106 42
107 42
108 42
109 42
110 42
111 42
111 41
111 40
111 39
111 38
111 37
110 37
109 37
109 36
109 35
108 35
107 35
107 34
106 34
106 33
105 33
104 33
103 33
103 34
102 34
102 33
101 33
100 33
99 33
98 33
97 33
97 32
96 32
