> 24
116 -13
116 -12
115 -12
114 -12
113 -12
112 -12
111 -12
110 -12
109 -12
108 -12
107 -12
106 -12
105 -12
104 -12
103 -12
102 -12
101 -12
100 -12
99 -12
98 -12
98 -11
98 -10
97 -10
96 -10
96 -9
96 -8
96 -7
95 -7
94 -7
94 -6
94 -5
94 -4
93 -4
92 -4
92 -3
92 -2
92 -1
92 0
93 0
94 0
95 0
96 0
97 0
98 0
99 0
100 0
101 0
102 0
103 0
104 0
105 0
106 0
107 0
108 0
109 0
109 -1
109 -2
109 -3
110 -3
111 -3
111 -4
112 -4
113 -4
114 -4
115 -4
116 -4
117 -4
118 -4
118 -5
118 -6
119 -6
120 -6
121 -6
122 -6
123 -6
123 -5
123 -4
124 -4
125 -4
126 -4
127 -4
128 -4
129 -4
130 -4
131 -4
132 -4
132 -5
132 -6
133 -6
133 -7
133 -8
133 -9
132 -9
132 -10
132 -11
131 -11
130 -11
130 -12
129 -12
129 -13
128 -13
127 -13
126 -13
125 -13
124 -13
123 -13
122 -13
121 -13
120 -13
119 -13
118 -13
117 -13
116 -13
