> 40
0 61
0 62
0 63
0 64
0 65
0 66
0 67
0 68
0 69
0 70
0 71
0 72
0 73
0 74
0 75
0 76
0 77
0 78
0 79
0 80
0 81
0 82
0 83
0 84
0 85
0 86
0 87
0 88
0 89
0 90
0 91
1 91
2 91
3 91
4 91
5 91
6 91
7 91
8 91
9 91
10 91
11 91
12 91
13 91
14 91
15 91
16 91
17 91
18 91
19 91
20 91
21 91
22 91
23 91
24 91
25 91
26 91
27 91
28 91
29 91
30 91
31 91
32 91
33 91
34 91
35 91
36 91
37 91
38 91
39 91
40 91
41 91
42 91
43 91
44 91
45 91
46 91
47 91
48 91
49 91
50 91
51 91
52 91
53 91
54 91
55 91
56 91
57 91
58 91
59 91
60 91
61 91
62 91
63 91
64 91
65 91
66 91
67 91
68 91
69 91
70 91
71 91
72 91
73 91
74 91
75 91
76 91
77 91
78 91
79 91
80 91
81 91
82 91
83 91
84 91
85 91
86 91
87 91
88 91
89 91
90 91
91 91
92 91
93 91
94 91
95 91
96 91
97 91
98 91
99 91
100 91
101 91
102 91
103 91
104 91
105 91
106 91
107 91
108 91
109 91
110 91
111 91
112 91
113 91
114 91
115 91
116 91
117 91
118 91
119 91
120 91
121 91
122 91
123 91
124 91
125 91
126 91
127 91
128 91
129 91
130 91
131 91
132 91
133 91
134 91
135 91
136 91
137 91
138 91
139 91
140 91
141 91
142 91
143 91
144 91
145 91
146 91
147 91
148 91
149 91
150 91
151 91
152 91
153 91
154 91
155 91
156 91
157 91
158 91
159 91
160 91
161 91
162 91
163 91
164 91
165 91
166 91
167 91
168 91
169 91
170 91
171 91
172 91
173 91
174 91
175 91
176 91
177 91
178 91
179 91
180 91
181 91
182 91
183 91
184 91
185 91
186 91
187 91
188 91
189 91
190 91
191 91
192 91
193 91
194 91
195 91
196 91
197 91
198 91
199 91
200 91
201 91
202 91
203 91
204 91
205 91
206 91
207 91
208 91
209 91
210 91
211 91
212 91
213 91
214 91
215 91
216 91
217 91
218 91
219 91
220 91
221 91
222 91
223 91
224 91
225 91
226 91
227 91
228 91
229 91
230 91
231 91
232 91
233 91
234 91
235 91
236 91
237 91
238 91
239 91
240 91
241 91
242 91
243 91
244 91
245 91
246 91
247 91
248 91
249 91
250 91
251 91
252 91
253 91
254 91
255 91
256 91
257 91
258 91
259 91
260 91
261 91
262 91
263 91
264 91
265 91
266 91
267 91
268 91
269 91
270 91
271 91
272 91
273 91
274 91
275 91
276 91
277 91
278 91
279 91
280 91
281 91
282 91
283 91
284 91
285 91
286 91
287 91
288 91
289 91
290 91
291 91
292 91
293 91
294 91
295 91
296 91
297 91
298 91
299 91
300 91
301 91
302 91
303 91
304 91
305 91
306 91
307 91
308 91
309 91
310 91
311 91
312 91
313 91
314 91
315 91
316 91
317 91
318 91
319 91
320 91
321 91
322 91
323 91
324 91
325 91
326 91
327 91
328 91
329 91
330 91
331 91
332 91
333 91
334 91
335 91
336 91
337 91
338 91
339 91
340 91
341 91
342 91
343 91
344 91
345 91
346 91
347 91
348 91
349 91
350 91
351 91
352 91
353 91
354 91
355 91
356 91
357 91
358 91
359 91
360 91
360 90
360 89
360 88
360 87
360 86
360 85
360 84
360 83
360 82
360 81
360 80
360 79
360 78
360 77
360 76
360 75
360 74
360 73
360 72
360 71
360 70
360 69
360 68
360 67
360 66
360 65
360 64
360 63
360 62
360 61
359 61
358 61
357 61
356 61
355 61
354 61
353 61
352 61
351 61
350 61
349 61
348 61
347 61
346 61
345 61
344 61
343 61
342 61
341 61
340 61
339 61
338 61
337 61
336 61
335 61
334 61
333 61
332 61
331 61
330 61
330 62
330 63
330 64
330 65
330 66
330 67
329 67
328 67
327 67
327 66
326 66
325 66
325 65
324 65
323 65
322 65
321 65
320 65
320 66
320 67
320 68
320 69
320 70
320 71
320 72
320 73
320 74
320 75
320 76
320 77
320 78
320 79
320 80
320 81
319 81
318 81
317 81
316 81
315 81
314 81
313 81
312 81
311 81
310 81
309 81
308 81
307 81
306 81
305 81
305 80
304 80
303 80
302 80
301 80
300 80
299 80
298 80
297 80
296 80
295 80
294 80
293 80
293 81
294 81
295 81
295 82
296 82
297 82
298 82
299 82
300 82
300 83
300 84
299 84
298 84
297 84
296 84
295 84
294 84
293 84
292 84
291 84
290 84
289 84
288 84
287 84
286 84
285 84
284 84
283 84
282 84
281 84
280 84
280 83
279 83
278 83
277 83
276 83
275 83
274 83
273 83
272 83
271 83
270 83
270 82
269 82
268 82
267 82
266 82
265 82
265 81
264 81
263 81
262 81
261 81
260 81
260 80
259 80
258 80
257 80
256 80
255 80
254 80
253 80
252 80
251 80
250 80
250 79
249 79
248 79
247 79
246 79
245 79
244 79
243 79
242 79
241 79
240 79
240 78
239 78
238 78
237 78
236 78
235 78
235 77
235 76
234 76
233 76
232 76
231 76
230 76
229 76
228 76
227 76
226 76
225 76
224 76
223 76
222 76
221 76
220 76
219 76
218 76
217 76
216 76
215 76
214 76
213 76
212 76
211 76
210 76
209 76
208 76
207 76
206 76
205 76
204 76
203 76
202 76
201 76
200 76
199 76
198 76
197 76
196 76
195 76
194 76
194 77
193 77
192 77
191 77
190 77
189 77
188 77
187 77
186 77
185 77
184 77
183 77
182 77
181 77
180 77
179 77
178 77
177 77
176 77
175 77
174 77
173 77
172 77
171 77
170 77
169 77
168 77
167 77
166 77
165 77
164 77
163 77
162 77
161 77
161 78
161 79
161 80
160 80
159 80
158 80
157 80
156 80
155 80
154 80
153 80
152 80
151 80
150 80
149 80
148 80
147 80
146 80
145 80
144 80
143 80
142 80
141 80
140 80
139 80
138 80
137 80
136 80
135 80
135 79
135 78
135 77
135 76
135 75
135 74
135 73
136 73
137 73
138 73
139 73
139 72
138 72
137 72
136 72
135 72
134 72
133 72
132 72
131 72
130 72
130 73
129 73
128 73
127 73
126 73
125 73
124 73
123 73
122 73
121 73
120 73
119 73
118 73
117 73
116 73
115 73
114 73
113 73
112 73
111 73
110 73
110 74
110 75
109 75
108 75
107 75
106 75
105 75
104 75
103 75
102 75
101 75
100 75
99 75
98 75
97 75
96 75
95 75
94 75
93 75
92 75
91 75
90 75
89 75
88 75
88 74
87 74
86 74
85 74
85 73
85 72
84 72
83 72
82 72
81 72
80 72
79 72
78 72
77 72
76 72
75 72
74 72
73 72
72 72
71 72
70 72
69 72
68 72
67 72
66 72
66 71
66 70
65 70
64 70
63 70
62 70
61 70
61 71
60 71
59 71
58 71
58 70
57 70
56 70
55 70
54 70
53 70
52 70
51 70
50 70
49 70
48 70
48 69
47 69
46 69
45 69
44 69
43 69
43 68
42 68
41 68
40 68
40 69
39 69
38 69
37 69
37 70
36 70
35 70
34 70
33 70
32 70
31 70
30 70
29 70
28 70
27 70
26 70
26 69
25 69
24 69
23 69
22 69
21 69
20 69
20 68
19 68
18 68
17 68
17 67
16 67
16 66
15 66
14 66
14 65
14 64
13 64
12 64
11 64
10 64
9 64
8 64
7 64
7 63
6 63
5 63
5 62
4 62
4 61
3 61
2 61
1 61
0 61
