AF 59.160 -73.174 0.9270
AM 57.645 -83.736 0.9309
AN 64.315 -83.984 0.8695
AP 33.639 -81.177 0.9160
AR 59.658 -33.193 1.1616
AS 74.275 -87.237 0.6497
AT 56.283 8.932 1.6400
AU 60.080 1.742 1.0744
BH 12.559 87.957 0.3029
BR 45.900 -111.000 0.2000
BS 16.007 122.442 2.1250
BU 8.894 -75.511 2.6670
CA 54.313 -79.431 0.9040
CL 10.130 -45.570 0.3090
CO 36.823 -108.629 1.9975
CR -12.628 175.127 3.6050
EA 28.300 66.400 11.4000
EU 61.066 -85.819 0.8591
FT -10.158 -178.305 4.8480
GP 9.399 79.690 5.2750
IN 60.494 -30.403 1.1034
JF 35.000 26.000 0.5068
JZ 35.910 70.166 22.5200
KE 47.521 -3.115 2.8310
MA 43.777 149.205 1.2780
MN -3.037 150.456 51.3000
MO 59.589 78.880 0.8927
MS 11.103 -56.746 4.0700
NA 48.709 -78.167 0.7486
NB -4.000 139.000 0.3300
ND 58.664 -89.003 0.7009
NH 13.000 -12.000 2.7000
NI 6.868 -168.868 3.2550
NZ 55.578 -90.096 1.3599
OK 55.421 -82.859 0.8450
ON 48.351 142.415 2.8530
PA 0.000 0.000 0.0000
PM 54.058 -90.247 0.9069
PS -1.200 -45.800 1.0000
RI 26.700 -105.200 4.6923
SA 54.999 -85.752 0.6365
SB 10.610 -32.990 8.4400
SC 48.625 -81.454 0.6516
SL 63.121 -97.084 0.8558
SO 58.789 -81.637 0.9783
SS 19.529 135.017 1.4780
SU 55.442 -72.955 1.1030
SW -19.019 -39.640 1.8400
TI 19.524 112.175 1.5140
TO 28.807 2.263 9.3000
WL 22.134 132.330 1.5460
YA 69.067 -97.718 0.9983
