 161.359   56.652 
 158.178   52.458
 160.825   56.425 
 157.563   52.647
 160.830   56.380 
 157.338   52.543
 160.470   56.100 
 157.931   52.432
 160.641   56.057 
 157.830   52.355
 160.595   56.019 
 157.792   52.262
 160.595   55.972 
 157.434   52.221
 160.605   55.861 
 157.851   52.110
 160.377   55.820 
 157.707   52.066
 160.527   55.759 
 157.530   52.011
 160.320   55.131 
 157.323   52.148
 160.761   55.061 
 157.607   51.936
 160.726   55.032 
 157.385   51.893
 160.702   54.973 
 157.535   51.818
 160.627   54.914 
 157.266   51.750
 160.533   54.753 
 157.358   51.658
 160.275   54.596 
 157.328   51.577
 160.252   54.488 
 157.202   51.498
 159.970   54.500 
 157.120   51.450
 159.804   54.531 
 156.975   51.452
 160.015   54.313 
 156.753   51.356
 159.655   54.118 
 156.879   51.304
 159.442   54.047 
 156.720   51.100
 159.450   53.980 
 155.557   50.858
 159.125   53.588 
 156.014   50.686
 158.920   53.640 
 155.964   50.549
 158.384   53.907 
 155.460   50.321
 158.072   53.907 
 155.434   50.252
 158.055   53.833 
 155.248   50.270
 158.448   53.752 
 155.368   50.130
 158.712   53.321 
 154.814   49.564
 158.833   53.256 
 154.708   49.352
 158.520   52.920 
 154.520   49.118
 158.289   52.860 
 153.940   48.946
 158.240   52.802 
 154.182   48.874
 158.281   52.705 
 154.016   48.758
 157.776   52.926 
 153.484   48.977
 158.035   52.555
 153.248   48.294 
 147.921   45.337
 153.198   48.091 
 148.015   45.103
 153.022   47.756 
 147.917   45.028
 152.920   47.600 
 147.871   45.012
 152.814   47.513 
 147.344   44.839
 152.479   47.343 
 147.128   44.807
 152.247   47.121 
 146.994   44.608
 152.115   47.011 
 146.928   44.479
 151.950   46.925 
 146.251   44.354
 151.786   46.815 
 146.139   44.454
 151.751   46.832 
 145.733   43.978
 150.866   46.522 
 145.505   43.844
 150.369   46.192 
 145.163   44.130
 150.230   46.150 
 145.122   44.076
 150.065   46.061 
 145.086   44.044
 150.053   45.953 
 144.722   43.762
 149.925   45.910 
 144.555   43.567
 149.823   45.872 
 144.438   43.611
 149.672   45.755 
 144.006   43.385
 148.852   45.506 
 142.855   43.663
 148.811   45.382 
 143.031   43.455
 148.344   45.243 
 143.092   43.315
 148.580   45.400 
 142.682   43.421
 141.377   42.691 
 140.283   37.627
 141.180   42.500 
 140.079   37.608
 140.833   42.543 
 139.579   37.450
 140.806   42.827 
 139.963   37.125
 140.636   42.884 
 139.777   36.900
 140.686   42.066 
 139.508   36.795
 141.165   41.806 
 139.491   36.767
 139.353   41.513 
 139.376   36.798
 141.120   41.279 
 139.286   36.953
 140.878   40.658 
 139.177   36.540
 140.303   40.656 
 138.878   36.476
 140.920   40.470 
 138.536   36.643
 140.759   39.966 
 138.514   36.690
 140.857   39.955 
 138.035   36.921
 141.003   39.851 
 138.112   36.892
 140.792   39.752 
 138.520   36.407
 140.049   39.099 
 138.294   36.103
 140.779   38.967 
 137.605   36.554
 140.180   38.600 
 137.587   36.228
 140.725   38.734 
 137.548   36.107
 140.450   38.136 
 137.478   35.894
 140.261   37.722 
 136.771   36.155
 138.730   35.363 
 140.357   29.808
 139.022   35.243 
 140.329   29.480
 139.095   34.904 
 140.466   29.311
 139.395   34.726 
 140.538   29.064
 139.279   34.521 
 140.643   28.572
 139.264   34.398 
 140.567   28.316
 139.152   34.218 
 140.801   27.679
 139.526   34.086 
 140.804   28.082
 139.680   33.399 
 140.879   27.243
 139.601   33.869 
 140.930   26.667
 139.765   33.139 
 141.102   26.122
 139.910   32.470 
 141.265   25.446
 139.844   32.108 
 141.379   24.780
 139.986   31.894 
 141.419   24.414
 140.044   31.444 
 141.480   24.285
 140.305   30.482
 131.392   33.282 
 130.308   30.792
 131.246   33.085 
 130.216   30.446
 131.085   32.885 
 129.926   29.968
 130.298   32.761 
 129.859   29.859
 130.862   31.938 
 129.715   29.642
 130.592   31.771 
 129.593   29.466
 130.658   31.579 
 128.996   28.799
 130.569   31.219 
 128.228   27.869
 175.908   52.346 
 -171.255   52.495
 177.605   52.105 
 -171.141   52.574
 178.136   52.015 
 -170.778   52.609
 178.330   51.970 
 -170.635   52.640
 178.541   51.949 
 -170.117   52.750
 179.586   51.936 
 -170.059   52.892
 -178.795   51.789 
 -169.946   52.822
 -178.143   51.884 
 -169.792   52.841
 -178.006   51.872 
 -169.720   52.973
 -177.443   51.907 
 -169.763   53.065
 -177.164   51.924 
 -168.687   53.127
 -176.739   51.935 
 -168.571   53.153
 -176.586   51.990 
 -168.130   53.429
 -176.132   52.078 
 -168.039   53.933
 -175.512   52.174 
 -166.928   53.887
 -175.132   52.222 
 -166.681   53.969
 -174.141   52.330 
 -166.618   53.964
 -174.159   52.379 
 -165.975   54.146
 -172.513   52.313 
 -165.660   54.252
 -164.650   54.517 
 -156.745   57.202
 -164.365   54.668 
 -156.379   57.746
 -163.970   54.756 
 -156.514   57.834
 -163.730   54.767 
 -155.411   57.870
 -163.594   54.802 
 -155.356   58.169
 -162.836   55.067 
 -155.247   58.196
 -162.275   55.185 
 -155.102   58.234
 -162.076   55.341 
 -155.159   58.265
 -161.894   55.417 
 -155.106   58.351
 -161.854   55.457 
 -154.978   58.262
 -163.147   55.418 
 -154.686   58.333
 -161.213   55.629 
 -154.451   58.417
 -160.098   55.869 
 -154.395   58.431
 -160.041   55.913 
 -154.357   58.453
 -160.000   55.933 
 -154.068   58.606
 -159.956   55.952 
 -153.673   58.770
 -159.792   56.014 
 -153.541   58.854
 -159.390   56.195 
 -153.432   59.361
 -158.788   56.557 
 -153.089   60.032
 -158.151   56.885 
 -152.763   60.491
 -157.191   57.017 
 -152.250   61.301
 -156.987   57.133 
 -152.411   61.641
 -92.109   15.132 
 -88.533   13.439
 -91.904   15.043 
 -88.494   13.492
 -91.656   14.787 
 -88.469   13.419
 -91.568   14.738 
 -88.430   13.470
 -91.553   14.755 
 -88.319   13.477
 -91.519   14.799 
 -88.271   13.432
 -91.267   14.657 
 -88.105   13.430
 -91.186   14.621 
 -87.845   13.275
 -91.188   14.583 
 -87.768   13.231
 -90.876   14.501 
 -87.639   13.273
 -90.881   14.474 
 -87.626   13.333
 -90.742   14.466 
 -87.567   12.982
 -90.602   14.382 
 -87.002   12.704
 -90.400   14.153 
 -86.842   12.605
 -90.400   14.330 
 -86.750   12.550
 -90.271   14.339 
 -86.702   12.508
 -90.095   14.027 
 -86.688   12.497
 -89.995   14.307 
 -86.668   12.488
 -89.901   14.437 
 -86.539   12.424
 -89.870   14.339 
 -86.341   12.244
 -89.775   14.398 
 -86.321   12.120
 -89.683   14.425 
 -86.168   11.984
 -89.640   14.556 
 -85.980   11.920
 -89.547   14.830 
 -85.975   11.830
 -89.426   14.585 
 -85.818   11.732
 -89.480   14.273 
 -85.622   11.538
 -89.727   14.117 
 -85.512   11.445
 -89.631   14.054 
 -85.472   10.979
 -89.787   13.891 
 -85.337   10.831
 -89.629   13.849 
 -85.151   10.747
 -89.632   13.814 
 -85.012   10.671
 -89.550   13.870 
 -84.703   10.463
 -89.286   13.737 
 -84.366   10.299
 -89.245   14.008 
 -84.231   10.198
 -89.114   13.902 
 -84.106   10.134
 -89.053   13.672 
 -83.846   9.981
 -88.839   13.597 
 -83.763   10.020
 -88.770   13.720
 -63.239   17.634 
 -61.325   15.370
 -62.997   17.508 
 -61.296   15.318
 -62.963   17.477 
 -61.347   15.250
 -62.810   17.370 
 -61.167   14.810
 -62.582   17.156 
 -61.047   13.838
 -62.176   16.711 
 -61.183   13.335
 -61.664   16.043 
 -61.631   12.299
 -61.432   15.615 
 -61.675   12.162
 -61.398   15.504
 -74.961   5.650 
 -78.364   0.308
 -75.292   5.091 
 -78.180   0.258
 -75.365   5.212 
 -77.577   0.552
 -75.319   4.892 
 -77.658   -0.081
 -75.367   4.818 
 -77.989   0.025
 -75.389   4.715 
 -78.275   0.123
 -75.330   4.658 
 -78.465   0.035
 -75.390   4.487 
 -78.613   -0.170
 -76.026   2.932 
 -78.623   -0.356
 -76.396   2.314 
 -78.252   -0.369
 -76.590   2.106 
 -77.627   -0.540
 -76.936   1.500 
 -78.139   -0.481
 -77.359   1.221 
 -78.437   -0.684
 -77.719   1.086 
 -78.716   -0.662
 -77.885   0.956 
 -78.904   -0.860
 -77.934   0.819 
 -78.447   -1.469
 -78.290   0.469 
 -78.817   -1.469
 -78.346   0.367 
 -78.341   -2.005
 -73.446   -15.329 
 -67.891   -22.719
 -72.640   -15.237 
 -67.884   -22.834
 -72.657   -15.520 
 -67.575   -22.893
 -72.339   -15.426 
 -67.746   -22.993
 -72.133   -15.837 
 -67.646   -23.241
 -71.856   -15.788 
 -67.620   -23.293
 -71.754   -16.262 
 -67.732   -23.363
 -71.528   -16.192 
 -67.662   -23.517
 -71.406   -16.299 
 -67.702   -23.579
 -70.898   -16.346 
 -67.540   -23.743
 -70.854   -16.614 
 -67.739   -23.949
 -70.604   -16.766 
 -67.758   -23.819
 -70.359   -17.027 
 -67.952   -23.835
 -70.199   -17.183 
 -68.129   -23.978
 -69.814   -17.470 
 -68.250   -24.180
 -69.772   -17.721 
 -68.589   -24.318
 -69.508   -18.097 
 -68.056   -24.191
 -69.143   -18.164 
 -67.791   -24.288
 -69.092   -18.420 
 -68.247   -24.396
 -68.757   -18.626 
 -68.537   -24.720
 -68.835   -19.156 
 -68.366   -25.081
 -68.523   -19.136 
 -68.504   -25.168
 -67.432   -19.464 
 -68.524   -25.335
 -68.558   -20.734 
 -68.589   -25.413
 -68.480   -20.944 
 -68.578   -26.481
 -68.182   -21.305 
 -68.361   -26.632
 -68.407   -21.884 
 -68.115   -26.621
 -68.240   -21.785 
 -68.363   -26.806
 -68.079   -22.188 
 -68.543   -27.109
 -67.891   -22.442 
 -68.713   -27.105
 -67.854   -22.557 
 -68.559   -27.195
 -69.797   -33.425 
 -71.826   -39.201
 -69.901   -33.785 
 -71.940   -39.420
 -69.834   -34.165 
 -71.717   -39.499
 -70.297   -34.611 
 -71.503   -39.637
 -70.003   -34.594 
 -71.580   -39.887
 -70.354   -34.817 
 -72.028   -39.930
 -70.455   -34.992 
 -72.059   -40.361
 -69.901   -35.123 
 -72.112   -40.583
 -69.993   -34.919 
 -72.156   -40.777
 -70.574   -35.240 
 -72.267   -40.973
 -70.500   -35.567 
 -72.497   -41.105
 -70.752   -35.588 
 -72.282   -41.250
 -70.764   -35.657 
 -72.609   -41.330
 -70.810   -35.729 
 -72.399   -41.759
 -70.852   -35.993 
 -72.433   -41.880
 -70.492   -36.058 
 -72.589   -41.884
 -71.165   -36.199 
 -72.583   -42.382
 -71.010   -36.290 
 -72.446   -42.799
 -70.920   -36.450 
 -72.656   -42.836
 -71.378   -36.868 
 -72.792   -43.193
 -71.351   -37.410 
 -72.811   -43.497
 -71.173   -37.863 
 -72.488   -43.796
 -71.449   -37.927 
 -72.869   -44.074
 -71.162   -38.256 
 -72.544   -44.307
 -70.900   -38.510 
 -73.078   -44.693
 -71.645   -38.310 
 -72.985   -45.059
 -71.590   -38.379 
 -73.170   -45.106
 -71.563   -38.582 
 -73.049   -45.205
 -71.730   -38.697 
 -72.947   -45.929
 -71.521   -38.975
 -28.080   -55.921 
 -26.464   -57.780
 -27.582   -56.297 
 -26.361   -58.423
 -28.130   -56.670 
 -26.589   -59.062
 -27.177   -56.712 
 -27.361   -59.442
 -26.706   -57.084
 175.564   -39.281 
 179.264   -34.577
 175.632   -39.157 
 179.579   -34.078
 175.651   -39.137 
 179.827   -33.732
 176.000   -38.820 
 179.954   -33.414
 176.080   -38.420 
 -179.954   -33.162
 176.330   -38.420 
 -179.622   -32.619
 176.510   -38.225 
 -179.588   -32.388
 176.501   -38.117 
 -179.180   -31.851
 177.183   -37.521 
 -179.031   -31.080
 177.838   -36.449 
 -178.556   -30.543
 178.028   -36.322 
 -178.436   -30.231
 178.050   -36.131 
 -178.714   -30.038
 178.197   -36.143 
 -177.920   -29.265
 178.478   -35.746 
 -177.826   -28.832
 178.652   -35.420 
 -177.690   -28.224
 178.526   -35.355 
 -177.617   -27.861
 178.865   -35.287 
 -177.504   -27.473
 178.978   -35.211 
 -177.407   -27.206
 178.902   -35.171 
 -177.398   -26.810
 178.973   -35.005 
 -177.266   -26.391
 179.075   -34.875 
 -177.188   -25.887
 -177.018   -24.802 
 -175.391   -20.546
 -176.924   -24.582 
 -175.420   -20.320
 -176.849   -24.177 
 -175.162   -20.126
 -176.779   -23.897 
 -175.071   -19.732
 -176.666   -23.565 
 -175.014   -19.670
 -176.405   -22.976 
 -174.938   -19.420
 -176.416   -22.841 
 -174.852   -19.180
 -176.388   -22.707 
 -174.775   -18.992
 -176.444   -22.553 
 -174.648   -18.806
 -176.346   -22.456 
 -174.365   -18.326
 -176.187   -22.191 
 -174.180   -18.162
 -176.243   -22.146 
 -174.317   -18.023
 -176.299   -22.029 
 -174.250   -17.872
 -176.094   -22.085 
 -174.153   -17.548
 -176.032   -22.026 
 -173.970   -17.251
 -175.930   -21.831 
 -173.822   -16.841
 -175.750   -21.378 
 -173.763   -16.550
 -175.650   -21.338 
 -173.899   -16.221
 -175.750   -21.150 
 -173.747   -15.854
 -175.550   -20.853 
 -173.670   -15.621
 -175.450   -20.700 
 -173.693   -15.572
 -175.531   -20.581
 170.282   -20.987 
 168.341   -16.509
 169.788   -20.188 
 168.128   -16.249
 169.447   -19.529 
 167.830   -15.391
 169.234   -18.755 
 168.040   -14.460
 168.359   -17.460 
 167.518   -14.285
 168.592   -16.992 
 167.470   -13.800
 168.536   -16.829 
 167.670   -13.671
 168.370   -16.680 
 167.338   -13.538
 142.326   23.078 
 145.667   18.750
 142.533   22.958 
 145.750   18.120
 142.983   22.475 
 145.850   17.600
 143.096   22.355 
 145.867   17.300
 143.458   21.942 
 145.800   16.883
 143.708   21.777 
 145.783   16.700
 144.043   21.488 
 145.775   16.588
 144.145   21.415 
 145.667   16.333
 144.194   21.324 
 145.658   15.917
 144.417   21.208 
 145.617   15.733
 144.525   21.023 
 145.573   15.604
 144.704   20.810 
 145.450   15.300
 144.883   20.530 
 145.417   15.083
 145.029   20.438 
 145.246   14.958
 145.100   20.133 
 144.996   14.596
 145.222   20.021 
 144.833   14.325
 145.453   19.700 
 144.638   14.017
 145.467   19.408 
 144.411   13.633
 145.517   19.223
 105.423   -6.101 
 110.074   -7.382
 105.978   -6.342 
 110.344   -7.189
 105.981   -6.248 
 110.403   -7.360
 106.047   -6.272 
 110.439   -7.453
 106.362   -6.620 
 110.447   -7.539
 106.693   -6.751 
 111.193   -7.626
 106.732   -6.708 
 111.760   -7.812
 106.985   -6.791 
 112.308   -7.936
 107.406   -7.176 
 112.443   -7.921
 107.607   -6.759 
 112.589   -7.765
 107.622   -7.136 
 112.620   -7.615
 107.631   -7.224 
 112.922   -8.109
 107.720   -7.230 
 112.951   -7.950
 107.729   -7.321 
 113.340   -7.981
 107.800   -7.125 
 113.595   -7.976
 107.842   -7.146 
 114.055   -8.120
 107.962   -6.763 
 114.242   -8.057
 108.059   -7.225 
 115.139   -8.262
 108.059   -7.248 
 115.377   -8.238
 108.408   -6.895 
 115.507   -8.343
 109.216   -7.242 
 116.413   -8.409
 109.902   -7.224 
 116.561   -8.413
 109.996   -7.3
 95.284   5.874 
 101.483   -2.274
 95.658   5.448 
 101.600   -2.330
 96.329   4.914 
 101.728   -2.414
 96.820   4.813 
 102.025   -2.480
 96.821   4.769 
 102.207   -3.214
 97.664   3.850 
 102.239   -3.245
 98.501   3.248 
 102.370   -3.380
 98.392   3.170 
 102.627   -3.515
 98.653   2.602 
 103.624   -3.968
 98.830   2.580 
 103.124   -4.016
 98.968   1.961 
 103.621   -4.224
 99.255   1.556 
 103.365   -4.243
 99.209   1.478 
 103.300   -4.270
 99.541   0.684 
 103.679   -4.442
 100.200   0.080 
 103.927   -4.855
 99.980   0.079 
 103.960   -4.912
 100.473   -0.381 
 104.314   -5.088
 100.331   -0.390 
 104.291   -5.248
 100.679   -0.978 
 105.423   -6.101
 101.264   -1.697
